Hp[ft]	ACMass[kg]	CAS[kt]	TAS[kt]	M[-]	ROCD[ft/min]	Grad[deg]	FuelFlow[kg/s]	Fuel[kg]	Time[s]	Distance[NM]	Thr[N]	D[N]	fM[-]
10000	65300	250	288.7023134	0.452275114	-1532.218816	-3	1.196718817	1.196718817	0	0	80683.95419	43463.68775	0.9016752257
9974.46302	65298.80328	250	288.5934003	0.4520618779	-1531.640786	-3	1.196572139	2.393290956	1	0.08019508706	80680.54136	43464.20175	0.9017538386
9948.935673	65297.60671	250	288.4845838	0.4518488534	-1531.063268	-3	1.196425604	3.58971656	2	0.1603599205	80677.13193	43464.71458	0.901832359
9923.417952	65296.41028	250	288.3758637	0.45163604	-1530.486262	-3	1.196279213	4.785995773	3	0.2404945271	80673.72591	43465.22623	0.901910787
9897.909848	65295.214	250	288.2672399	0.4514234375	-1529.909767	-3	1.196132965	5.982128738	4	0.3205989337	80670.32328	43465.73671	0.9019891229
9872.411352	65294.01787	250	288.1587122	0.4512110455	-1529.333782	-3	1.195986861	7.178115599	5	0.400673167	80666.92405	43466.24603	0.9020673666
9846.922455	65292.82188	250	288.0502806	0.4509988639	-1528.758307	-3	1.195840899	8.373956498	6	0.4807172537	80663.5282	43466.75418	0.9021455184
9821.44315	65291.62604	250	287.9419448	0.4507868921	-1528.183341	-3	1.19569508	9.569651578	7	0.5607312205	80660.13574	43467.26116	0.9022235784
9795.973428	65290.43035	250	287.8337049	0.45057513	-1527.608883	-3	1.195549404	10.76520098	8	0.6407150941	80656.74665	43467.76698	0.9023015467
9770.51328	65289.2348	250	287.7255606	0.4503635773	-1527.034933	-3	1.195403869	11.96060485	9	0.720668901	80653.36092	43468.27164	0.9023794234
9745.062698	65288.0394	250	287.6175118	0.4501522336	-1526.46149	-3	1.195258477	13.15586333	10	0.8005926678	80649.97856	43468.77515	0.9024572088
9719.621673	65286.84414	250	287.5095584	0.4499410985	-1525.888553	-3	1.195113227	14.35097656	11	0.8804864211	80646.59956	43469.2775	0.9025349028
9694.190197	65285.64902	250	287.4017003	0.4497301719	-1525.316121	-3	1.194968118	15.54594467	12	0.9603501873	80643.2239	43469.77869	0.9026125058
9668.768262	65284.45406	250	287.2939373	0.4495194534	-1524.744195	-3	1.194823151	16.74076782	13	1.040183993	80639.85159	43470.27873	0.9026900177
9643.355858	65283.25923	250	287.1862693	0.4493089427	-1524.172773	-3	1.194678325	17.93544615	14	1.119987864	80636.48263	43470.77762	0.9027674387
9617.952979	65282.06455	250	287.0786962	0.4490986394	-1523.601854	-3	1.19453364	19.12997979	15	1.199761828	80633.11699	43471.27537	0.902844769
9592.559615	65280.87002	250	286.9712178	0.4488885434	-1523.031438	-3	1.194389095	20.32436888	16	1.27950591	80629.75468	43471.77197	0.9029220087
9567.175757	65279.67563	250	286.863834	0.4486786542	-1522.461524	-3	1.194244691	21.51861358	17	1.359220138	80626.39569	43472.26742	0.9029991579
9541.801398	65278.48139	250	286.7565448	0.4484689717	-1521.892112	-3	1.194100428	22.712714	18	1.438904536	80623.04002	43472.76174	0.9030762168
9516.43653	65277.28729	250	286.6493499	0.4482594954	-1521.323201	-3	1.193956304	23.90667031	19	1.518559132	80619.68765	43473.25491	0.9031531855
9491.081143	65276.09333	250	286.5422492	0.448050225	-1520.75479	-3	1.19381232	25.10048263	20	1.598183951	80616.3386	43473.74695	0.9032300641
9465.73523	65274.89952	250	286.4352427	0.4478411604	-1520.186878	-3	1.193668476	26.2941511	21	1.67777902	80612.99283	43474.23785	0.9033068527
9440.398782	65273.70585	250	286.3283302	0.4476323011	-1519.619465	-3	1.193524771	27.48767588	22	1.757344365	80609.65037	43474.72762	0.9033835516
9415.071791	65272.51232	250	286.2215115	0.4474236468	-1519.05255	-3	1.193381206	28.68105708	23	1.836880013	80606.31118	43475.21625	0.9034601607
9389.754249	65271.31894	250	286.1147865	0.4472151974	-1518.486133	-3	1.193237779	29.87429486	24	1.916385988	80602.97528	43475.70376	0.9035366804
9364.446146	65270.12571	250	286.0081552	0.4470069524	-1517.920213	-3	1.193094491	31.06738935	25	1.995862318	80599.64266	43476.19014	0.9036131106
9339.147476	65268.93261	250	285.9016174	0.4467989116	-1517.354788	-3	1.192951342	32.26034069	26	2.075309028	80596.3133	43476.67539	0.9036894515
9313.85823	65267.73966	250	285.7951729	0.4465910747	-1516.78986	-3	1.192808331	33.45314902	27	2.154726143	80592.98721	43477.15952	0.9037657032
9288.578399	65266.54685	250	285.6888216	0.4463834413	-1516.225426	-3	1.192665458	34.64581448	28	2.234113691	80589.66437	43477.64253	0.903841866
9263.307975	65265.35419	250	285.5825635	0.4461760112	-1515.661486	-3	1.192522723	35.8383372	29	2.313471697	80586.34479	43478.12442	0.9039179398
9238.04695	65264.16166	250	285.4763984	0.4459687841	-1515.09804	-3	1.192380125	37.03071733	30	2.392800187	80583.02845	43478.60519	0.9039939249
9212.795316	65262.96928	250	285.3703261	0.4457617597	-1514.535086	-3	1.192237665	38.222955	31	2.472099187	80579.71535	43479.08484	0.9040698213
9187.553065	65261.77705	250	285.2643465	0.4455549377	-1513.972625	-3	1.192095343	39.41505034	32	2.551368722	80576.40549	43479.56338	0.9041456292
9162.320188	65260.58495	250	285.1584596	0.4453483178	-1513.410656	-3	1.191953157	40.60700349	33	2.630608818	80573.09886	43480.04081	0.9042213488
9137.096677	65259.393	250	285.0526652	0.4451418997	-1512.849177	-3	1.191811108	41.7988146	34	2.709819501	80569.79546	43480.51713	0.9042969801
9111.882524	65258.20119	250	284.9469631	0.4449356831	-1512.288188	-3	1.191669196	42.9904838	35	2.789000797	80566.49527	43480.99234	0.9043725233
9086.677721	65257.00952	250	284.8413533	0.4447296677	-1511.727689	-3	1.19152742	44.18201122	36	2.868152731	80563.19829	43481.46645	0.9044479785
9061.482259	65255.81799	250	284.7358356	0.4445238532	-1511.167679	-3	1.19138578	45.373397	37	2.94727533	80559.90452	43481.93945	0.9045233459
9036.296131	65254.6266	250	284.63041	0.4443182393	-1510.608158	-3	1.191244276	46.56464127	38	3.026368617	80556.61396	43482.41135	0.9045986255
9011.119328	65253.43536	250	284.5250761	0.4441128258	-1510.049123	-3	1.191102908	47.75574418	39	3.10543262	80553.32659	43482.88215	0.9046738175
8985.951843	65252.24426	250	284.4198341	0.4439076124	-1509.490576	-3	1.190961676	48.94670586	40	3.184467363	80550.04241	43483.35185	0.9047489221
8960.793667	65251.05329	250	284.3146837	0.4437025987	-1508.932516	-3	1.190820579	50.13752644	41	3.263472873	80546.76141	43483.82045	0.9048239393
8935.644792	65249.86247	250	284.2096248	0.4434977845	-1508.37494	-3	1.190679616	51.32820605	42	3.342449174	80543.4836	43484.28796	0.9048988693
8910.505209	65248.67179	250	284.1046573	0.4432931694	-1507.81785	-3	1.190538789	52.51874484	43	3.421396292	80540.20895	43484.75438	0.9049737122
8885.374912	65247.48126	250	283.999781	0.4430887533	-1507.261245	-3	1.190398097	53.70914294	44	3.500314252	80536.93748	43485.21971	0.9050484681
8860.253891	65246.29086	250	283.894996	0.4428845357	-1506.705123	-3	1.190257539	54.89940048	45	3.57920308	80533.66917	43485.68395	0.9051231372
8835.142139	65245.1006	250	283.7903019	0.4426805165	-1506.149484	-3	1.190117115	56.08951759	46	3.658062801	80530.40402	43486.1471	0.9051977196
8810.039648	65243.91048	250	283.6856987	0.4424766953	-1505.594328	-3	1.189976826	57.27949442	47	3.736893441	80527.14201	43486.60917	0.9052722154
8784.946409	65242.72051	250	283.5811864	0.4422730718	-1505.039653	-3	1.18983667	58.46933109	48	3.815695024	80523.88316	43487.07015	0.9053466248
8759.862415	65241.53067	250	283.4767647	0.4420696458	-1504.48546	-3	1.189696648	59.65902774	49	3.894467576	80520.62745	43487.53006	0.9054209478
8734.787657	65240.34097	250	283.3724335	0.4418664169	-1503.931747	-3	1.189556759	60.8485845	50	3.973211121	80517.37487	43487.98888	0.9054951846
8709.722128	65239.15142	250	283.2681928	0.441663385	-1503.378514	-3	1.189417004	62.0380015	51	4.051925686	80514.12542	43488.44663	0.9055693353
8684.665819	65237.962	250	283.1640424	0.4414605496	-1502.825761	-3	1.189277382	63.22727888	52	4.130611295	80510.8791	43488.9033	0.9056434001
8659.618723	65236.77272	250	283.0599822	0.4412579105	-1502.273486	-3	1.189137892	64.41641677	53	4.209267974	80507.63589	43489.3589	0.9057173791
8634.580832	65235.58358	250	282.956012	0.4410554675	-1501.721689	-3	1.188998536	65.60541531	54	4.287895747	80504.3958	43489.81343	0.9057912723
8609.552137	65234.39458	250	282.8521318	0.4408532203	-1501.17037	-3	1.188859311	66.79427462	55	4.366494639	80501.15882	43490.26689	0.90586508
8584.532631	65233.20573	250	282.7483414	0.4406511685	-1500.619527	-3	1.188720219	67.98299484	56	4.445064675	80497.92494	43490.71928	0.9059388022
8559.522305	65232.01701	250	282.6446408	0.4404493119	-1500.06916	-3	1.188581259	69.1715761	57	4.523605881	80494.69416	43491.1706	0.9060124391
8534.521153	65230.82842	250	282.5410297	0.4402476502	-1499.519269	-3	1.188442431	70.36001853	58	4.602118282	80491.46647	43491.62086	0.9060859908
8509.529165	65229.63998	250	282.4375081	0.4400461831	-1498.969853	-3	1.188303734	71.54832226	59	4.680601901	80488.24187	43492.07006	0.9061594574
8484.546334	65228.45168	250	282.3340758	0.4398449104	-1498.420911	-3	1.188165169	72.73648743	60	4.759056764	80485.02035	43492.51819	0.9062328391
8459.572652	65227.26351	250	282.2307329	0.4396438317	-1497.872443	-3	1.188026734	73.92451417	61	4.837482896	80481.80191	43492.96527	0.9063061359
8434.608111	65226.07549	250	282.127479	0.4394429468	-1497.324447	-3	1.187888431	75.1124026	62	4.915880322	80478.58654	43493.41129	0.906379348
8409.652704	65224.8876	250	282.0243141	0.4392422555	-1496.776924	-3	1.187750259	76.30015286	63	4.994249066	80475.37423	43493.85626	0.9064524756
8384.706422	65223.69985	250	281.9212381	0.4390417573	-1496.229873	-3	1.187612218	77.48776507	64	5.072589154	80472.16499	43494.30017	0.9065255186
8359.769257	65222.51223	250	281.8182509	0.4388414521	-1495.683293	-3	1.187474306	78.67523938	65	5.150900609	80468.9588	43494.74304	0.9065984774
8334.841202	65221.32476	250	281.7153524	0.4386413396	-1495.137183	-3	1.187336525	79.86257591	66	5.229183456	80465.75566	43495.18485	0.9066713519
8309.922249	65220.13742	250	281.6125423	0.4384414195	-1494.591543	-3	1.187198874	81.04977478	67	5.307437721	80462.55557	43495.62562	0.9067441423
8285.01239	65218.95023	250	281.5098207	0.4382416915	-1494.046373	-3	1.187061353	82.23683613	68	5.385663427	80459.35851	43496.06534	0.9068168488
8260.111617	65217.76316	250	281.4071875	0.4380421554	-1493.501671	-3	1.186923962	83.4237601	69	5.463860599	80456.16449	43496.50401	0.9068894714
8235.219923	65216.57624	250	281.3046423	0.4378428108	-1492.957438	-3	1.186786699	84.61054679	70	5.542029263	80452.9735	43496.94165	0.9069620102
8210.337299	65215.38945	250	281.2021853	0.4376436575	-1492.413671	-3	1.186649566	85.79719636	71	5.620169441	80449.78553	43497.37824	0.9070344655
8185.463738	65214.2028	250	281.0998162	0.4374446953	-1491.870372	-3	1.186512562	86.98370892	72	5.698281159	80446.60058	43497.8138	0.9071068373
8160.599232	65213.01629	250	280.997535	0.4372459238	-1491.327539	-3	1.186375687	88.17008461	73	5.776364441	80443.41865	43498.24832	0.9071791257
8135.743773	65211.82992	250	280.8953415	0.4370473427	-1490.785171	-3	1.186238941	89.35632355	74	5.854419312	80440.23972	43498.6818	0.9072513309
8110.897353	65210.64368	250	280.7932356	0.4368489519	-1490.243268	-3	1.186102323	90.54242587	75	5.932445796	80437.0638	43499.11425	0.9073234529
8086.059965	65209.45757	250	280.6912172	0.436650751	-1489.70183	-3	1.185965833	91.72839171	76	6.010443917	80433.89088	43499.54567	0.907395492
8061.231601	65208.27161	250	280.5892862	0.4364527398	-1489.160855	-3	1.185829471	92.91422118	77	6.0884137	80430.72095	43499.97606	0.9074674482
8036.412254	65207.08578	250	280.4874425	0.436254918	-1488.620344	-3	1.185693237	94.09991442	78	6.166355168	80427.554	43500.40543	0.9075393216
8011.601915	65205.90009	250	280.3856859	0.4360572853	-1488.080295	-3	1.185557131	95.28547155	79	6.244268346	80424.39004	43500.83376	0.9076111123
7986.800577	65204.71453	250	280.2840164	0.4358598414	-1487.540708	-3	1.185421152	96.4708927	80	6.322153259	80421.22906	43501.26108	0.9076828206
7962.008231	65203.52911	250	280.1824337	0.4356625862	-1487.001582	-3	1.1852853	97.656178	81	6.40000993	80418.07105	43501.68737	0.9077544465
7937.224872	65202.34382	250	280.0809379	0.4354655192	-1486.462918	-3	1.185149576	98.84132757	82	6.477838384	80414.91601	43502.11264	0.90782599
7912.45049	65201.15867	250	279.9795288	0.4352686403	-1485.924713	-3	1.185013978	100.0263416	83	6.555638645	80411.76393	43502.53689	0.9078974515
7887.685078	65199.97366	250	279.8782063	0.4350719492	-1485.386968	-3	1.184878507	101.2112201	84	6.633410736	80408.6148	43502.96013	0.9079688308
7862.928628	65198.78878	250	279.7769703	0.4348754456	-1484.849682	-3	1.184743163	102.3959632	85	6.711154682	80405.46863	43503.38235	0.9080401283
7838.181134	65197.60404	250	279.6758206	0.4346791292	-1484.312854	-3	1.184607944	103.5805712	86	6.788870507	80402.32541	43503.80355	0.9081113439
7813.442586	65196.41943	250	279.5747571	0.4344829998	-1483.776484	-3	1.184472852	104.765044	87	6.866558235	80399.18513	43504.22375	0.9081824779
7788.712978	65195.23496	250	279.4737798	0.4342870571	-1483.240571	-3	1.184337886	105.9493819	88	6.94421789	80396.04779	43504.64293	0.9082535303
7763.992302	65194.05062	250	279.3728886	0.4340913009	-1482.705114	-3	1.184203046	107.133585	89	7.021849496	80392.91338	43505.06111	0.9083245012
7739.28055	65192.86642	250	279.2720832	0.4338957308	-1482.170114	-3	1.184068331	108.3176533	90	7.099453076	80389.78189	43505.47828	0.9083953908
7714.577715	65191.68235	250	279.1713636	0.4337003467	-1481.635568	-3	1.183933741	109.501587	91	7.177028654	80386.65333	43505.89444	0.9084661992
7689.883789	65190.49841	250	279.0707297	0.4335051482	-1481.101478	-3	1.183799277	110.6853863	92	7.254576255	80383.52769	43506.3096	0.9085369265
7665.198764	65189.31461	250	278.9701814	0.4333101351	-1480.567842	-3	1.183664937	111.8690512	93	7.332095903	80380.40495	43506.72376	0.9086075728
7640.522633	65188.13095	250	278.8697186	0.4331153071	-1480.034659	-3	1.183530723	113.052582	94	7.40958762	80377.28513	43507.13692	0.9086781383
7615.855389	65186.94742	250	278.7693411	0.432920664	-1479.50193	-3	1.183396632	114.2359786	95	7.48705143	80374.16821	43507.54909	0.908748623
7591.197023	65185.76402	250	278.6690489	0.4327262055	-1478.969653	-3	1.183262667	115.4192413	96	7.564487358	80371.05418	43507.96025	0.9088190271
7566.547529	65184.58076	250	278.5688418	0.4325319313	-1478.437827	-3	1.183128825	116.6023701	97	7.641895428	80367.94305	43508.37043	0.9088893507
7541.906899	65183.39763	250	278.4687197	0.4323378413	-1477.906453	-3	1.182995108	117.7853652	98	7.719275661	80364.83481	43508.77961	0.9089595938
7517.275125	65182.21463	250	278.3686825	0.432143935	-1477.37553	-3	1.182861514	118.9682267	99	7.796628084	80361.72945	43509.1878	0.9090297567
7492.652199	65181.03177	250	278.2687302	0.4319502123	-1476.845056	-3	1.182728044	120.1509547	100	7.873952718	80358.62696	43509.595	0.9090998395
7468.038115	65179.84905	250	278.1688625	0.4317566729	-1476.315032	-3	1.182594697	121.3335494	101	7.951249587	80355.52735	43510.00121	0.9091698421
7443.432864	65178.66645	250	278.0690794	0.4315633166	-1475.785457	-3	1.182461474	122.5160109	102	8.028518716	80352.43061	43510.40644	0.9092397649
7418.83644	65177.48399	250	277.9693808	0.431370143	-1475.25633	-3	1.182328374	123.6983393	103	8.105760126	80349.33673	43510.81068	0.9093096078
7394.248835	65176.30166	250	277.8697665	0.431177152	-1474.727651	-3	1.182195396	124.8805347	104	8.182973843	80346.24571	43511.21394	0.9093793711
7369.67004	65175.11947	250	277.7702365	0.4309843432	-1474.19942	-3	1.182062542	126.0625972	105	8.26015989	80343.15755	43511.61622	0.9094490547
7345.10005	65173.9374	250	277.6707906	0.4307917164	-1473.671634	-3	1.18192981	127.244527	106	8.337318289	80340.07223	43512.01752	0.9095186589
7320.538856	65172.75547	250	277.5714288	0.4305992714	-1473.144295	-3	1.1817972	128.4263242	107	8.414449064	80336.98976	43512.41784	0.9095881837
7295.986451	65171.57368	250	277.4721509	0.4304070079	-1472.617401	-3	1.181664712	129.607989	108	8.491552238	80333.91012	43512.81719	0.9096576293
7271.442828	65170.39201	250	277.3729568	0.4302149257	-1472.090952	-3	1.181532347	130.7895213	109	8.568627836	80330.83332	43513.21556	0.9097269958
7246.907979	65169.21048	250	277.2738464	0.4300230244	-1471.564948	-3	1.181400103	131.9709214	110	8.645675879	80327.75935	43513.61296	0.9097962832
7222.381896	65168.02908	250	277.1748197	0.4298313038	-1471.039387	-3	1.181267981	133.1521894	111	8.722696392	80324.68821	43514.00939	0.9098654917
7197.864573	65166.84781	250	277.0758764	0.4296397638	-1470.514269	-3	1.18113598	134.3333254	112	8.799689398	80321.61988	43514.40485	0.9099346215
7173.356002	65165.66667	250	276.9770165	0.4294484039	-1469.989593	-3	1.1810041	135.5143295	113	8.876654919	80318.55437	43514.79935	0.9100036726
7148.856175	65164.48567	250	276.8782399	0.4292572241	-1469.46536	-3	1.180872342	136.6952018	114	8.953592979	80315.49167	43515.19288	0.9100726451
7124.365086	65163.3048	250	276.7795465	0.4290662239	-1468.941568	-3	1.180740704	137.8759425	115	9.030503601	80312.43178	43515.58544	0.9101415392
7099.882727	65162.12406	250	276.6809361	0.4288754032	-1468.418217	-3	1.180609188	139.0565517	116	9.107386809	80309.37468	43515.97704	0.9102103549
7075.40909	65160.94345	250	276.5824087	0.4286847618	-1467.895306	-3	1.180477791	140.2370295	117	9.184242624	80306.32039	43516.36768	0.9102790924
7050.944168	65159.76297	250	276.4839641	0.4284942993	-1467.372835	-3	1.180346515	141.417376	118	9.261071071	80303.26888	43516.75737	0.9103477519
7026.487954	65158.58262	250	276.3856023	0.4283040155	-1466.850803	-3	1.180215359	142.5975914	119	9.337872172	80300.22016	43517.14609	0.9104163333
7002.040441	65157.40241	250	276.2873231	0.4281139102	-1466.32921	-3	1.180084324	143.7776757	120	9.414645951	80297.17423	43517.53386	0.9104848368
6977.60162	65156.22232	250	276.1891265	0.4279239831	-1465.808055	-3	1.179953408	144.9576291	121	9.491392429	80294.13107	43517.92067	0.9105532626
6953.171486	65155.04237	250	276.0910122	0.4277342339	-1465.287337	-3	1.179822611	146.1374517	122	9.568111631	80291.09068	43518.30654	0.9106216107
6928.75003	65153.86255	250	275.9929803	0.4275446625	-1464.767056	-3	1.179691934	147.3171436	123	9.644803579	80288.05307	43518.69145	0.9106898812
6904.337246	65152.68286	250	275.8950306	0.4273552685	-1464.247211	-3	1.179561377	148.496705	124	9.721468296	80285.01821	43519.07541	0.9107580744
6879.933126	65151.50329	250	275.7971631	0.4271660517	-1463.727802	-3	1.179430938	149.676136	125	9.798105804	80281.98612	43519.45842	0.9108261901
6855.537663	65150.32386	250	275.6993775	0.426977012	-1463.208828	-3	1.179300618	150.8554366	126	9.874716127	80278.95678	43519.84049	0.9108942287
6831.150849	65149.14456	250	275.6016738	0.4267881489	-1462.690289	-3	1.179170417	152.034607	127	9.951299288	80275.93019	43520.22162	0.9109621902
6806.772677	65147.96539	250	275.5040519	0.4265994623	-1462.172184	-3	1.179040335	153.2136473	128	10.02785531	80272.90634	43520.6018	0.9110300747
6782.403141	65146.78635	250	275.4065117	0.4264109519	-1461.654513	-3	1.178910371	154.3925577	129	10.10438421	80269.88524	43520.98104	0.9110978823
6758.042232	65145.60744	250	275.3090531	0.4262226176	-1461.137275	-3	1.178780525	155.5713382	130	10.18088602	80266.86687	43521.35934	0.9111656131
6733.689945	65144.42866	250	275.211676	0.4260344589	-1460.620469	-3	1.178650797	156.749989	131	10.25736076	80263.85123	43521.7367	0.9112332673
6709.34627	65143.25001	250	275.1143802	0.4258464758	-1460.104095	-3	1.178521187	157.9285102	132	10.33380845	80260.83832	43522.11313	0.9113008449
6685.011202	65142.07149	250	275.0171657	0.4256586679	-1459.588152	-3	1.178391695	159.1069019	133	10.41022911	80257.82813	43522.48862	0.9113683461
6660.684733	65140.8931	250	274.9200324	0.425471035	-1459.07264	-3	1.178262321	160.2851642	134	10.48662276	80254.82066	43522.86318	0.911435771
6636.366855	65139.71484	250	274.8229801	0.4252835769	-1458.557558	-3	1.178133063	161.4632973	135	10.56298944	80251.8159	43523.23681	0.9115031196
6612.057563	65138.5367	250	274.7260088	0.4250962932	-1458.042906	-3	1.178003923	162.6413012	136	10.63932916	80248.81385	43523.6095	0.9115703921
6587.756848	65137.3587	250	274.6291184	0.4249091839	-1457.528683	-3	1.1778749	163.8191761	137	10.71564194	80245.81451	43523.98127	0.9116375886
6563.464703	65136.18082	250	274.5323087	0.4247222486	-1457.014888	-3	1.177745993	164.9969221	138	10.7919278	80242.81786	43524.35211	0.9117047092
6539.181121	65135.00308	250	274.4355796	0.424535487	-1456.501522	-3	1.177617203	166.1745393	139	10.86818678	80239.82391	43524.72203	0.9117717541
6514.906096	65133.82546	250	274.3389311	0.4243488991	-1455.988583	-3	1.17748853	167.3520278	140	10.94441888	80236.83265	43525.09102	0.9118387232
6490.63962	65132.64797	250	274.2423631	0.4241624844	-1455.476071	-3	1.177359973	168.5293878	141	11.02062414	80233.84407	43525.45909	0.9119056168
6466.381685	65131.47061	250	274.1458754	0.4239762428	-1454.963986	-3	1.177231532	169.7066193	142	11.09680258	80230.85818	43525.82625	0.9119724349
6442.132285	65130.29338	250	274.0494679	0.423790174	-1454.452326	-3	1.177103207	170.8837225	143	11.17295421	80227.87496	43526.19248	0.9120391777
6417.891413	65129.11628	250	273.9531405	0.4236042778	-1453.941091	-3	1.176974998	172.0606975	144	11.24907906	80224.89442	43526.55779	0.9121058452
6393.659062	65127.9393	250	273.8568932	0.423418554	-1453.430282	-3	1.176846904	173.2375445	145	11.32517715	80221.91655	43526.92219	0.9121724376
6369.435224	65126.76246	250	273.7607259	0.4232330022	-1452.919896	-3	1.176718926	174.4142634	146	11.40124851	80218.94133	43527.28567	0.912238955
6345.219892	65125.58574	250	273.6646383	0.4230476224	-1452.409935	-3	1.176591063	175.5908544	147	11.47729316	80215.96878	43527.64824	0.9123053974
6321.01306	65124.40915	250	273.5686305	0.4228624141	-1451.900396	-3	1.176463315	176.7673178	148	11.55331111	80212.99888	43528.0099	0.912371765
6296.81472	65123.23268	250	273.4727023	0.4226773773	-1451.39128	-3	1.176335683	177.9436534	149	11.6293024	80210.03164	43528.37066	0.9124380579
6272.624865	65122.05635	250	273.3768537	0.4224925116	-1450.882586	-3	1.176208164	179.1198616	150	11.70526704	80207.06703	43528.7305	0.9125042762
6248.443489	65120.88014	250	273.2810844	0.4223078168	-1450.374314	-3	1.176080761	180.2959424	151	11.78120506	80204.10507	43529.08943	0.9125704201
6224.270584	65119.70406	250	273.1853945	0.4221232928	-1449.866462	-3	1.175953472	181.4718958	152	11.85711647	80201.14575	43529.44746	0.9126364895
6200.106143	65118.5281	250	273.0897839	0.4219389391	-1449.359031	-3	1.175826297	182.6477221	153	11.9330013	80198.18906	43529.80459	0.9127024846
6175.950159	65117.35228	250	272.9942523	0.4217547557	-1448.85202	-3	1.175699236	183.8234214	154	12.00885957	80195.235	43530.16082	0.9127684056
6151.802625	65116.17658	250	272.8987998	0.4215707423	-1448.345429	-3	1.175572289	184.9989937	155	12.08469131	80192.28356	43530.51614	0.9128342525
6127.663535	65115.00101	250	272.8034261	0.4213868986	-1447.839256	-3	1.175445456	186.1744391	156	12.16049653	80189.33475	43530.87057	0.9129000254
6103.53288	65113.82556	250	272.7081314	0.4212032244	-1447.333502	-3	1.175318737	187.3497578	157	12.23627526	80186.38854	43531.2241	0.9129657245
6079.410655	65112.65024	250	272.6129153	0.4210197195	-1446.828165	-3	1.17519213	188.52495	158	12.31202752	80183.44495	43531.57673	0.9130313498
6055.296852	65111.47505	250	272.5177779	0.4208363836	-1446.323246	-3	1.175065637	189.7000156	159	12.38775333	80180.50397	43531.92847	0.9130969015
6031.191465	65110.29998	250	272.4227189	0.4206532166	-1445.818743	-3	1.174939258	190.8749549	160	12.46345271	80177.56559	43532.27932	0.9131623797
6007.094486	65109.12505	250	272.3277384	0.4204702181	-1445.314657	-3	1.174812991	192.0497679	161	12.53912569	80174.6298	43532.62927	0.9132277844
5983.005908	65107.95023	250	272.2328363	0.4202873879	-1444.810986	-3	1.174686837	193.2244547	162	12.61477228	80171.69661	43532.97834	0.9132931157
5958.925725	65106.77555	250	272.1380123	0.4201047259	-1444.307731	-3	1.174560795	194.3990155	163	12.69039252	80168.76601	43533.32651	0.9133583738
5934.85393	65105.60098	250	272.0432665	0.4199222318	-1443.80489	-3	1.174434866	195.5734504	164	12.76598641	80165.838	43533.6738	0.9134235589
5910.790515	65104.42655	250	271.9485987	0.4197399053	-1443.302463	-3	1.174309049	196.7477594	165	12.84155398	80162.91257	43534.02021	0.9134886708
5886.735474	65103.25224	250	271.8540089	0.4195577462	-1442.80045	-3	1.174183344	197.9219428	166	12.91709526	80159.98971	43534.36573	0.9135537099
5862.6888	65102.07806	250	271.7594969	0.4193757544	-1442.29885	-3	1.174057751	199.0960005	167	12.99261026	80157.06942	43534.71037	0.9136186762
5838.650486	65100.904	250	271.6650626	0.4191939294	-1441.797662	-3	1.17393227	200.2699328	168	13.06809901	80154.15171	43535.05413	0.9136835697
5814.620525	65099.73007	250	271.5707059	0.4190122713	-1441.296887	-3	1.173806901	201.4437397	169	13.14356153	80151.23655	43535.39701	0.9137483907
5790.59891	65098.55626	250	271.4764268	0.4188307796	-1440.796523	-3	1.173681642	202.6174213	170	13.21899784	80148.32396	43535.73901	0.9138131391
5766.585634	65097.38258	250	271.3822252	0.4186494542	-1440.29657	-3	1.173556496	203.7909778	171	13.29440795	80145.41392	43536.08013	0.9138778152
5742.580692	65096.20902	250	271.2881008	0.4184682948	-1439.797027	-3	1.17343146	204.9644093	172	13.36979191	80142.50644	43536.42038	0.9139424189
5718.584074	65095.03559	250	271.1940538	0.4182873013	-1439.297895	-3	1.173306535	206.1377158	173	13.44514971	80139.6015	43536.75976	0.9140069505
5694.595776	65093.86228	250	271.1000838	0.4181064733	-1438.799172	-3	1.173181721	207.3108975	174	13.52048139	80136.6991	43537.09826	0.9140714099
5670.61579	65092.6891	250	271.0061909	0.4179258108	-1438.300858	-3	1.173057018	208.4839546	175	13.59578697	80133.79925	43537.4359	0.9141357974
5646.644109	65091.51605	250	270.912375	0.4177453133	-1437.802952	-3	1.172932425	209.656887	176	13.67106647	80130.90192	43537.77266	0.914200113
5622.680726	65090.34311	250	270.8186359	0.4175649808	-1437.305454	-3	1.172807942	210.8296949	177	13.74631991	80128.00713	43538.10856	0.9142643568
5598.725636	65089.17031	250	270.7249736	0.417384813	-1436.808364	-3	1.17268357	212.0023785	178	13.82154731	80125.11487	43538.44359	0.9143285289
5574.778829	65087.99762	250	270.631388	0.4172048096	-1436.31168	-3	1.172559307	213.1749378	179	13.89674869	80122.22512	43538.77776	0.9143926295
5550.840301	65086.82506	250	270.5378789	0.4170249705	-1435.815403	-3	1.172435155	214.3473729	180	13.97192407	80119.3379	43539.11106	0.9144566586
5526.910045	65085.65263	250	270.4444463	0.4168452954	-1435.319532	-3	1.172311112	215.5196841	181	14.04707348	80116.45318	43539.4435	0.9145206163
5502.988053	65084.48032	250	270.3510901	0.4166657841	-1434.824066	-3	1.172187178	216.6918712	182	14.12219694	80113.57098	43539.77508	0.9145845027
5479.074318	65083.30813	250	270.2578101	0.4164864363	-1434.329005	-3	1.615776632	218.3076479	183	14.19729447	110438.5548	43540.10581	0.5
5455.168835	65081.69235	249.0691691	269.1658873	0.4147682865	-1428.533884	-3	1.612260205	219.9199081	184	14.27236608	110288.1871	43391.39894	0.5
5431.359937	65080.08009	248.1381196	268.0746922	0.4130516968	-1422.742626	-3	1.608773864	221.5286819	185	14.34713438	110139.5734	43244.44249	0.5
5407.64756	65078.47132	247.2068519	266.9842216	0.41133666	-1416.955213	-3	1.605317787	223.1339997	186	14.42159957	109992.7307	43099.25341	0.5
5384.031639	65076.866	246.2753662	265.8944725	0.4096231691	-1411.171629	-3	1.601892154	224.7358919	187	14.49576186	109847.6761	42955.84895	0.5
5360.512112	65075.26411	245.3436628	264.8054419	0.4079112171	-1405.391858	-3	1.598497149	226.334389	188	14.56962143	109704.4273	42814.24664	0.5
5337.088915	65073.66561	244.411742	263.7171268	0.406200797	-1399.615884	-3	1.595132959	227.929522	189	14.6431785	109563.0018	42674.4643	0.5
5313.761983	65072.07048	243.4796041	262.6295239	0.4044919017	-1393.843691	-3	1.591799776	229.5213218	190	14.71643326	109423.418	42536.52008	0.5
5290.531255	65070.47868	242.5472495	261.5426304	0.4027845242	-1388.075262	-3	1.588497795	231.1098196	191	14.7893859	109285.6941	42400.43242	0.5
5267.396667	65068.89018	241.6146785	260.4564431	0.4010786576	-1382.310582	-3	1.585227215	232.6950468	192	14.86203663	109149.849	42266.22011	0.5
5244.358158	65067.30495	240.6818914	259.370959	0.3993742949	-1376.549633	-3	1.58198824	234.277035	193	14.93438565	109015.9017	42133.90224	0.5
5221.415664	65065.72296	239.7488885	258.2861751	0.3976714291	-1370.792401	-3	1.578781076	235.8558161	194	15.00643314	108883.8717	42003.49828	0.5
5198.569124	65064.14418	238.8156703	257.2020883	0.3959700533	-1365.038868	-3	1.575605934	237.431422	195	15.0781793	108753.7786	41875.028	0.5
5175.818476	65062.56858	237.8822369	256.1186956	0.3942701604	-1359.289019	-3	1.572463032	239.0038851	196	15.14962432	108625.6426	41748.51156	0.5
5153.163659	65060.99611	236.9485889	255.0359939	0.3925717437	-1353.542838	-3	1.569352588	240.5732376	197	15.2207684	108499.4842	41623.96946	0.5
5130.604612	65059.42676	236.0147264	253.9539803	0.3908747962	-1347.800308	-3	1.566274827	242.1395125	198	15.29161173	108375.3242	41501.4226	0.5
5108.141273	65057.86049	235.08065	252.8726517	0.3891793109	-1342.061414	-3	1.563229979	243.7027425	199	15.36215451	108253.1839	41380.89225	0.5
5085.773583	65056.29726	234.1463599	251.792005	0.387485281	-1336.326139	-3	1.560218279	245.2629607	200	15.43239691	108133.0849	41262.40006	0.5
5063.501481	65054.73704	233.2118566	250.7120373	0.3857926997	-1330.594468	-3	1.557239964	246.8202007	201	15.50233913	108015.0492	41145.96811	0.5
5041.324906	65053.1798	232.2771404	249.6327455	0.3841015599	-1324.866383	-3	1.554295279	248.374496	202	15.57198137	107899.0992	41031.61886	0.5
5019.2438	65051.6255	231.3422117	248.5541267	0.382411855	-1319.14187	-3	1.551384473	249.9258804	203	15.64132379	107785.258	40919.37522	0.5
4997.258102	65050.07412	230.4070709	247.4761777	0.380723578	-1313.420913	-3	1.548507801	251.4743882	204	15.71036661	107673.5486	40809.26053	0.5
4975.367753	65048.52561	229.4717184	246.3988956	0.3790367221	-1307.703494	-3	1.545665522	253.0200538	205	15.77910999	107563.995	40701.29856	0.5
4953.572695	65046.97995	228.5361545	245.3222773	0.3773512805	-1301.989599	-3	1.542857903	254.5629117	206	15.84755413	107456.6212	40595.51355	0.5
4931.872868	65045.43709	227.6003798	244.24632	0.3756672464	-1296.279212	-3	1.540085213	256.1029969	207	15.9156992	107351.4519	40491.93021	0.5
4910.268215	65043.897	226.6643945	243.1710205	0.3739846129	-1290.572315	-3	1.537347729	257.6403446	208	15.9835454	107248.5124	40390.57372	0.5
4888.758676	65042.35966	225.7281992	242.0963758	0.3723033734	-1284.868895	-3	1.534645736	259.1749904	209	16.05109291	107147.8282	40291.46976	0.5
4867.344195	65040.82501	224.7917941	241.022383	0.370623521	-1279.168934	-3	1.531979521	260.7069699	210	16.1183419	107049.4255	40194.64451	0.5
4846.024712	65039.29303	223.8551799	239.9490391	0.368945049	-1273.472416	-3	1.529349381	262.2363193	211	16.18529257	106953.331	40100.12468	0.5
4824.800172	65037.76368	222.9183568	238.876341	0.3672679506	-1267.779326	-3	1.526755616	263.7630749	212	16.25194508	106859.5718	40007.93749	0.5
4803.670517	65036.23693	221.9813254	237.8042859	0.365592219	-1262.089649	-3	1.524198535	265.2872734	213	16.31829962	106768.1757	39918.11075	0.5
4782.635689	65034.71273	221.0440861	236.7328706	0.3639178477	-1256.403367	-3	1.521678455	266.8089519	214	16.38435636	106679.1711	39830.67278	0.5
4761.695633	65033.19105	220.1066392	235.6620922	0.3622448297	-1250.720466	-3	1.519195696	268.3281476	215	16.45011549	106592.5867	39745.65251	0.5
4740.850292	65031.67185	219.1689853	234.5919477	0.3605731585	-1245.040929	-3	1.516750588	269.8448981	216	16.51557718	106508.452	39663.07944	0.5
4720.09961	65030.1551	218.2311249	233.5224342	0.3589028273	-1239.36474	-3	1.514343468	271.3592416	217	16.58074161	106426.7972	39582.9837	0.5
4699.443531	65028.64076	217.2930583	232.4535487	0.3572338295	-1233.691885	-3	1.511974681	272.8712163	218	16.64560896	106347.653	39505.39602	0.5
4678.882	65027.12878	216.3547861	231.3852881	0.3555661584	-1228.022346	-3	1.509644578	274.3808609	219	16.71017939	106271.0506	39430.3478	0.5
4658.41496	65025.61914	215.4163088	230.3176496	0.3538998073	-1222.356109	-3	1.507353521	275.8882144	220	16.77445308	106197.0221	39357.87105	0.5
4638.042359	65024.11179	214.4776267	229.2506301	0.3522347695	-1216.693157	-3	1.505101876	277.3933163	221	16.8384302	106125.6002	39287.99851	0.5
4617.764139	65022.60668	213.5387404	228.1842267	0.3505710385	-1211.033474	-3	1.50289002	278.8962063	222	16.90211093	106056.8182	39220.76357	0.5
4597.580248	65021.10379	212.5996504	227.1184364	0.3489086076	-1205.377046	-3	1.50071834	280.3969246	223	16.96549544	105990.7102	39156.20036	0.5
4577.490631	65019.60308	211.6603572	226.0532563	0.3472474702	-1199.723856	-3	1.49858723	281.8955119	224	17.0285839	105927.311	39094.34372	0.5
4557.495233	65018.10449	210.7208612	224.9886834	0.3455876197	-1194.073889	-3	1.496497092	283.3920089	225	17.09137647	105866.6561	39035.22928	0.5
4537.594002	65016.60799	209.781163	223.9247147	0.3439290495	-1188.427128	-3	1.053021297	284.4450302	226	17.15387332	74555.20402	38978.89339	0.939247036
4517.786883	65015.55497	209.781163	223.860108	0.3438056553	-1188.084243	-3	1.052933666	285.4979639	227	17.21607463	74552.72758	38978.48906	0.9392865316
4497.985479	65014.50204	209.781163	223.7955459	0.3436823559	-1187.741596	-3	1.052846098	286.55081	228	17.278258	74550.25279	38978.08468	0.9393259881
4478.189785	65013.44919	209.781163	223.7310285	0.343559151	-1187.399185	-3	1.052758593	287.6035686	229	17.34042343	74547.77966	38977.68024	0.9393654055
4458.399799	65012.39643	209.781163	223.6665558	0.3434360405	-1187.057011	-3	1.052671152	288.6562398	230	17.40257093	74545.30817	38977.27576	0.9394047838
4438.615516	65011.34376	209.781163	223.6021276	0.3433130244	-1186.715074	-3	1.052583773	289.7088235	231	17.46470053	74542.83833	38976.87122	0.9394441232
4418.836931	65010.29118	209.781163	223.5377439	0.3431901025	-1186.373373	-3	1.052496457	290.76132	232	17.52681224	74540.37013	38976.46664	0.9394834236
4399.064041	65009.23868	209.781163	223.4734047	0.3430672748	-1186.031908	-3	1.052409205	291.8137292	233	17.58890605	74537.90358	38976.062	0.9395226852
4379.296843	65008.18627	209.781163	223.4091099	0.342944541	-1185.690679	-3	1.052322015	292.8660512	234	17.650982	74535.43866	38975.65731	0.9395619079
4359.535332	65007.13395	209.781163	223.3448595	0.3428219012	-1185.349685	-3	1.052234888	293.9182861	235	17.71304008	74532.97538	38975.25257	0.9396010918
4339.779504	65006.08171	209.781163	223.2806534	0.3426993552	-1185.008926	-3	1.052147823	294.9704339	236	17.77508032	74530.51374	38974.84778	0.9396402369
4320.029355	65005.02957	209.781163	223.2164916	0.3425769028	-1184.668403	-3	1.052060822	296.0224947	237	17.83710273	74528.05372	38974.44294	0.9396793434
4300.284881	65003.97751	209.781163	223.1523741	0.342454544	-1184.328114	-3	1.051973882	297.0744686	238	17.89910731	74525.59534	38974.03805	0.9397184112
4280.546079	65002.92553	209.781163	223.0883007	0.3423322787	-1183.98806	-3	1.051887005	298.1263556	239	17.96109408	74523.13859	38973.63311	0.9397574405
4260.812945	65001.87364	209.781163	223.0242715	0.3422101068	-1183.64824	-3	1.051800191	299.1781558	240	18.02306305	74520.68346	38973.22812	0.9397964312
4241.085474	65000.82184	209.781163	222.9602863	0.3420880281	-1183.308654	-3	1.051713438	300.2298693	241	18.08501424	74518.22995	38972.82308	0.9398353834
4221.363664	64999.77013	209.781163	222.8963452	0.3419660426	-1182.969302	-3	1.051626748	301.281496	242	18.14694765	74515.77807	38972.41799	0.9398742972
4201.647509	64998.7185	209.781163	222.8324481	0.3418441501	-1182.630183	-3	1.05154012	302.3330361	243	18.2088633	74513.3278	38972.01284	0.9399131726
4181.937005	64997.66696	209.781163	222.7685949	0.3417223506	-1182.291298	-3	1.051453554	303.3844897	244	18.2707612	74510.87915	38971.60765	0.9399520096
4162.232151	64996.61551	209.781163	222.7047857	0.3416006439	-1181.952645	-3	1.05136705	304.4358567	245	18.33264137	74508.43211	38971.20241	0.9399908084
4142.53294	64995.56414	209.781163	222.6410203	0.3414790299	-1181.614226	-3	1.051280608	305.4871373	246	18.39450381	74505.98669	38970.79712	0.9400295689
4122.839369	64994.51286	209.781163	222.5772987	0.3413575085	-1181.276039	-3	1.051194227	306.5383316	247	18.45634854	74503.54287	38970.39178	0.9400682913
4103.151435	64993.46167	209.781163	222.5136209	0.3412360796	-1180.938084	-3	1.051107908	307.5894395	248	18.51817557	74501.10067	38969.98639	0.9401069754
4083.469134	64992.41056	209.781163	222.4499868	0.3411147431	-1180.600361	-3	1.051021651	308.6404611	249	18.5799849	74498.66006	38969.58095	0.9401456215
4063.792461	64991.35954	209.781163	222.3863964	0.3409934989	-1180.26287	-3	1.050935456	309.6913966	250	18.64177657	74496.22106	38969.17546	0.9401842296
4044.121413	64990.3086	209.781163	222.3228495	0.3408723469	-1179.92561	-3	1.050849322	310.7422459	251	18.70355057	74493.78366	38968.76992	0.9402227997
4024.455987	64989.25775	209.781163	222.2593463	0.340751287	-1179.588582	-3	1.050763249	311.7930091	252	18.76530691	74491.34786	38968.36434	0.9402613318
4004.796177	64988.20699	209.781163	222.1958866	0.3406303191	-1179.251785	-3	1.050677238	312.8436864	253	18.82704562	74488.91365	38967.9587	0.940299826
3985.141981	64987.15631	209.781163	222.1324704	0.340509443	-1178.915218	-3	1.050591288	313.8942777	254	18.8887667	74486.48104	38967.55301	0.9403382824
3965.493394	64986.10572	209.781163	222.0690976	0.3403886587	-1178.578882	-3	1.050505399	314.9447831	255	18.95047016	74484.05002	38967.14728	0.9403767009
3945.850412	64985.05522	209.781163	222.0057682	0.3402679661	-1178.242776	-3	1.050419572	315.9952026	256	19.01215602	74481.62059	38966.74149	0.9404150817
3926.213033	64984.0048	209.781163	221.9424821	0.340147365	-1177.906901	-3	1.050333805	317.0455364	257	19.07382429	74479.19274	38966.33566	0.9404534249
3906.581251	64982.95446	209.781163	221.8792394	0.3400268553	-1177.571255	-3	1.050248099	318.0957845	258	19.13547498	74476.76648	38965.92978	0.9404917303
3886.955063	64981.90422	209.781163	221.8160399	0.3399064371	-1177.235839	-3	1.491317765	319.5871023	259	19.19710811	105759.7408	38965.52385	0.5
3867.334466	64980.4129	208.8329506	220.7541199	0.3382557306	-1171.599951	-3	1.489301847	321.0764042	260	19.25872367	105703.7984	38911.11432	0.5
3847.8078	64978.9236	207.8845305	219.6927898	0.3366062701	-1165.967194	-3	1.487328859	322.563733	261	19.32004426	105650.7648	38859.61157	0.5
3828.375014	64977.43627	206.9359033	218.6320467	0.334958049	-1160.337553	-3	1.485399256	324.0491323	262	19.38107004	105600.6798	38811.05541	0.5
3809.036054	64975.95087	205.9870696	217.5718877	0.3333110608	-1154.711011	-3	1.483513501	325.5326458	263	19.44180116	105553.5842	38765.48658	0.5
3789.790871	64974.46735	205.0380299	216.5123099	0.331665299	-1149.087554	-3	1.481672071	327.0143178	264	19.5022378	105509.5194	38722.9467	0.5
3770.639412	64972.98568	204.0887848	215.4533102	0.3300207572	-1143.467165	-3	1.479875453	328.4941933	265	19.5623801	105468.5281	38683.47837	0.5
3751.581626	64971.50581	203.1393349	214.3948859	0.328377429	-1137.84983	-3	1.799902422	330.2940957	266	19.62222825	128382.24	61598.71145	0.5
3732.617462	64969.7059	202.1896807	213.337034	0.3267353078	-1132.235533	-3	1.795778629	332.0898743	267	19.68178238	128193.8401	61412.16165	0.5
3713.74687	64967.91013	201.2398229	212.2797515	0.3250943872	-1126.624258	-3	1.791722063	333.8815964	268	19.74104267	128009.875	61230.04244	0.5
3694.969799	64966.1184	200.2897619	211.2230356	0.3234546609	-1121.01599	-3	1.787733346	335.6693298	269	19.80000927	127830.4008	61052.40993	0.5
3676.286199	64964.33067	199.3394985	210.1668834	0.3218161224	-1115.410713	-3	1.783813119	337.4531429	270	19.85868233	127655.4749	60879.32155	0.5
3657.69602	64962.54686	198.3890332	209.1112919	0.3201787653	-1109.808413	-3	1.779962033	339.2331049	271	19.91706202	127485.1558	60710.83603	0.5
3639.199213	64960.7669	197.4383665	208.0562583	0.3185425831	-1104.209073	-3	1.776180762	341.0092857	272	19.97514849	127319.5036	60547.01348	0.5
3620.795729	64958.99071	196.4874992	207.0017796	0.3169075696	-1098.612678	-3	1.772469992	342.7817557	273	20.0329419	127158.5798	60387.91542	0.5
3602.485517	64957.21824	195.5364319	205.947853	0.3152737184	-1093.019213	-3	1.768830428	344.5505861	274	20.09044239	127002.4473	60233.60479	0.5
3584.268531	64955.44941	194.585165	204.8944755	0.313641023	-1087.428663	-3	1.765262795	346.3158489	275	20.14765013	126851.1704	60084.14604	0.5
3566.14472	64953.68415	193.6336994	203.8416443	0.3120094772	-1081.841012	-3	1.761767833	348.0776167	276	20.20456526	126704.815	59939.60517	0.5
3548.114036	64951.92238	192.6820355	202.7893564	0.3103790745	-1076.256244	-3	1.758346305	349.835963	277	20.26118794	126563.4487	59800.04973	0.5
3530.176432	64950.16404	191.7301741	201.737609	0.3087498087	-1070.674345	-3	1.754998991	351.590962	278	20.31751831	126427.1405	59665.54892	0.5
3512.331859	64948.40904	190.7781157	200.6863992	0.3071216734	-1065.0953	-3	1.751726692	353.3426887	279	20.37355654	126295.9612	59536.17362	0.5
3494.580271	64946.65731	189.825861	199.6357241	0.3054946623	-1059.519091	-3	1.748530231	355.0912189	280	20.42930276	126169.9835	59411.99645	0.5
3476.92162	64944.90878	188.8734107	198.5855808	0.303868769	-1053.945706	-3	1.74541045	356.8366294	281	20.48475713	126049.2815	59293.0918	0.5
3459.355858	64943.16337	187.9207654	197.5359665	0.3022439874	-1048.375128	-3	1.742368217	358.5789976	282	20.53991979	125933.9316	59179.53592	0.5
3441.882939	64941.421	186.9679258	196.4868782	0.3006203111	-1042.807342	-3	1.73940442	360.318402	283	20.59479089	125824.0116	59071.40694	0.5
3424.502817	64939.6816	186.0148925	195.4383132	0.2989977338	-1037.242332	-3	1.736519971	362.054922	284	20.64937058	125719.6018	58968.78499	0.5
3407.215445	64937.94508	185.0616662	194.3902684	0.2973762493	-1031.680084	-3	1.733715808	363.7886378	285	20.703659	125620.784	58871.75217	0.5
3390.020776	64936.21136	184.1082475	193.3427412	0.2957558513	-1026.120582	-3	1.730992893	365.5196307	286	20.7576563	125527.6425	58780.3927	0.5
3372.918767	64934.48037	183.1546372	192.2957285	0.2941365335	-1020.563812	-3	1.728352215	367.2479829	287	20.81136261	125440.2634	58694.79295	0.5
3355.90937	64932.75202	182.2008359	191.2492275	0.2925182897	-1015.009757	-3	1.725794788	368.9737777	288	20.8647781	125358.7354	58615.0415	0.5
3338.992541	64931.02622	181.2468444	190.2032354	0.2909011137	-1009.458403	-3	1.723321656	370.6970994	289	20.91790288	125283.1493	58541.22925	0.5
3322.168234	64929.3029	180.2926632	189.1577493	0.2892849993	-1003.909734	-3	1.720933889	372.4180332	290	20.97073711	125213.5981	58473.44944	0.5
3305.436405	64927.58197	179.3382931	188.1127663	0.2876699402	-998.3637356	-3	1.281346809	373.6993801	291	21.02328093	93307.19174	58411.79777	0.9562634506
3288.797009	64926.30062	179.3382931	188.0670817	0.2875832447	-998.1212753	-3	1.281264988	374.980645	292	21.07553448	93304.62674	58410.81825	0.956288028
3272.161655	64925.01935	179.3382931	188.0214239	0.2874966055	-997.8789575	-3	1.28118321	376.2618283	293	21.12777533	93302.0627	58409.83879	0.956312584
3255.530339	64923.73817	179.3382931	187.975793	0.2874100225	-997.6367821	-3	1.281101475	377.5429297	294	21.18000351	93299.49963	58408.8594	0.9563371187
3238.903059	64922.45707	179.3382931	187.9301888	0.2873234956	-997.3947488	-3	1.281019783	378.8239495	295	21.23221901	93296.93752	58407.88006	0.9563616321
3222.279813	64921.17605	179.3382931	187.8846114	0.2872370249	-997.1528576	-3	1.280938134	380.1048876	296	21.28442184	93294.37637	58406.90078	0.9563861242
3205.660599	64919.89511	179.3382931	187.8390607	0.2871506101	-996.9111084	-3	1.280856528	381.3857442	297	21.33661201	93291.81618	58405.92156	0.9564105951
3189.045414	64918.61426	179.3382931	187.7935368	0.2870642514	-996.669501	-3	1.280774965	382.6665191	298	21.38878952	93289.25694	58404.9424	0.9564350447
3172.434256	64917.33348	179.3382931	187.7480396	0.2869779486	-996.4280352	-3	1.280693444	383.9472126	299	21.44095439	93286.69867	58403.9633	0.9564594731
3155.827122	64916.05279	179.3382931	187.702569	0.2868917017	-996.186711	-3	1.280611967	385.2278245	300	21.49310663	93284.14135	58402.98425	0.9564838804
3139.22401	64914.77218	179.3382931	187.6571251	0.2868055106	-995.9455282	-3	1.280530533	386.5083551	301	21.54524623	93281.58498	58402.00527	0.9565082665
3122.624918	64913.49164	179.3382931	187.6117078	0.2867193752	-995.7044867	-3	1.280449141	387.7888042	302	21.59737321	93279.02957	58401.02634	0.9565326314
3106.029843	64912.2112	179.3382931	187.5663171	0.2866332956	-995.4635864	-3	1.280367792	389.069172	303	21.64948757	93276.47511	58400.04748	0.9565569753
3089.438783	64910.93083	179.3382931	187.520953	0.2865472717	-995.2228271	-3	1.280286486	390.3494585	304	21.70158933	93273.9216	58399.06867	0.9565812981
3072.851736	64909.65054	179.3382931	187.4756154	0.2864613033	-994.9822087	-3	1.280205222	391.6296637	305	21.75367848	93271.36904	58398.08992	0.9566055998
3056.268699	64908.37034	179.3382931	187.4303043	0.2863753905	-994.741731	-3	1.280124001	392.9097877	306	21.80575504	93268.81743	58397.11123	0.9566298805
3039.68967	64907.09021	179.3382931	187.3850198	0.2862895331	-994.501394	-3	1.280042823	394.1898305	307	21.85781901	93266.26676	58396.1326	0.9566541402
3023.114647	64905.81017	179.3382931	187.3397617	0.2862037313	-994.2611976	-3	1.279961687	395.4697922	308	21.90987041	93263.71705	58395.15402	0.9566783789
3006.543627	64904.53021	179.3382931	187.2945301	0.2861179847	-994.0211415	-3	1.279880594	396.7496728	309	21.96190923	93261.16828	58394.17551	0.9567025966
2989.976608	64903.25033	179.3382931	187.2493249	0.2860322936	-993.7812256	-3	1.279799542	398.0294724	310	22.01393549	93258.62045	58393.19705	0.9567267934
2973.413588	64901.97053	179.3382931	187.2041461	0.2859466577	-993.5414499	-3	1.279718534	399.3091909	311	22.06594919	93256.07357	58392.21866	0.9567509693
2956.854563	64900.69081	179.3382931	187.1589937	0.285861077	-993.3018142	-3	1.279637568	400.5888285	312	22.11795034	93253.52763	58391.24032	0.9567751243
2940.299533	64899.41117	179.3382931	187.1138676	0.2857755515	-993.0623184	-3	1.279556644	401.8683851	313	22.16993895	93250.98263	58390.26204	0.9567992584
2923.748495	64898.13161	179.3382931	187.0687679	0.2856900811	-992.8229623	-3	1.279475762	403.1478609	314	22.22191503	93248.43858	58389.28381	0.9568233717
2907.201445	64896.85214	179.3382931	187.0236944	0.2856046657	-992.5837458	-3	1.279394922	404.4272558	315	22.27387857	93245.89546	58388.30565	0.9568474642
2890.658383	64895.57274	179.3382931	186.9786473	0.2855193054	-992.3446688	-3	1.279314125	405.7065699	316	22.3258296	93243.35328	58387.32755	0.9568715359
2874.119305	64894.29343	179.3382931	186.9336264	0.285434	-992.1057312	-3	1.27923337	406.9858033	317	22.37776811	93240.81204	58386.3495	0.9568955868
2857.584209	64893.0142	179.3382931	186.8886318	0.2853487495	-991.8669328	-3	1.279152656	408.264956	318	22.42969412	93238.27173	58385.37151	0.956919617
2841.053094	64891.73504	179.3382931	186.8436633	0.2852635538	-991.6282735	-3	1.279071985	409.5440279	319	22.48160763	93235.73236	58384.39358	0.9569436265
2824.525956	64890.45597	179.3382931	186.7987211	0.285178413	-991.3897532	-3	1.278991356	410.8230193	320	22.53350865	93233.19392	58383.41571	0.9569676152
2808.002793	64889.17698	179.3382931	186.753805	0.2850933269	-991.1513718	-3	1.278910769	412.1019301	321	22.58539718	93230.65641	58382.4379	0.9569915833
2791.483604	64887.89807	179.3382931	186.708915	0.2850082954	-990.9131291	-3	1.278830224	413.3807603	322	22.63727324	93228.11984	58381.46015	0.9570155307
2774.968385	64886.61924	179.3382931	186.6640512	0.2849233186	-990.6750249	-3	1.27874972	414.65951	323	22.68913682	93225.58419	58380.48245	0.9570394576
2758.457135	64885.34049	179.3382931	186.6192135	0.2848383964	-990.4370593	-3	1.278669259	415.9381793	324	22.74098795	93223.04948	58379.50481	0.9570633638
2741.94985	64884.06182	179.3382931	186.5744018	0.2847535287	-990.199232	-3	1.278588839	417.2167681	325	22.79282662	93220.51569	58378.52723	0.9570872494
2725.44653	64882.78323	179.3382931	186.5296162	0.2846687154	-989.9615429	-3	1.278508461	418.4952766	326	22.84465284	93217.98283	58377.54971	0.9571111145
2708.947171	64881.50472	179.3382931	186.4848565	0.2845839566	-989.7239919	-3	1.278428124	419.7737047	327	22.89646662	93215.4509	58376.57225	0.957134959
2692.451771	64880.2263	179.3382931	186.4401229	0.2844992521	-989.4865789	-3	1.27834783	421.0520525	328	22.94826797	93212.91989	58375.59485	0.9571587831
2675.960328	64878.94795	179.3382931	186.3954153	0.284414602	-989.2493038	-3	1.278267577	422.3303201	329	23.0000569	93210.38981	58374.6175	0.9571825866
2659.47284	64877.66968	179.3382931	186.3507336	0.2843300061	-989.0121663	-3	1.278187365	423.6085075	330	23.0518334	93207.86065	58373.64021	0.9572063697
2642.989303	64876.39149	179.3382931	186.3060778	0.2842454644	-988.7751665	-3	1.278107195	424.8866147	331	23.10359749	93205.33241	58372.66298	0.9572301324
2626.509717	64875.11339	179.3382931	186.261448	0.2841609768	-988.5383041	-3	1.278027067	426.1646417	332	23.15534918	93202.8051	58371.68581	0.9572538746
2610.034079	64873.83536	179.3382931	186.216844	0.2840765434	-988.301579	-3	1.27794698	427.4425887	333	23.20708847	93200.2787	58370.7087	0.9572775965
2593.562386	64872.55741	179.3382931	186.1722659	0.283992164	-988.0649912	-3	1.277866934	428.7204556	334	23.25881537	93197.75322	58369.73164	0.957301298
2577.094636	64871.27954	179.3382931	186.1277136	0.2839078385	-987.8285405	-3	1.27778693	429.9982426	335	23.31052989	93195.22866	58368.75464	0.9573249791
2560.630827	64870.00176	179.3382931	186.0831871	0.2838235671	-987.5922268	-3	1.277706967	431.2759495	336	23.36223203	93192.70502	58367.7777	0.9573486399
2544.170957	64868.72405	179.3382931	186.0386864	0.2837393495	-987.3560499	-3	1.277627045	432.5535766	337	23.41392181	93190.18229	58366.80082	0.9573722805
2527.715023	64867.44642	179.3382931	185.9942114	0.2836551858	-987.1200097	-3	1.277547165	433.8311237	338	23.46559922	93187.66048	58365.824	0.9573959007
2511.263022	64866.16888	179.3382931	185.9497622	0.2835710758	-986.8841061	-3	1.277467325	435.1085911	339	23.51726428	93185.13958	58364.84723	0.9574195007
2494.814954	64864.89141	179.3382931	185.9053387	0.2834870196	-986.648339	-3	1.71407223	436.8226633	340	23.56891699	125037.8113	58363.87052	0.5
2478.370815	64863.17734	178.3729568	184.8621394	0.2818800323	-981.1118067	-3	1.711842078	438.5345054	341	23.62055736	124979.0959	58306.91708	0.5
2462.018951	64861.46549	177.407426	183.8194287	0.2802740664	-975.5778683	-3	1.709702515	440.2442079	342	23.67190796	124926.8532	58256.43395	0.5
2445.75932	64859.75579	176.4417014	182.777204	0.2786691158	-970.0465087	-3	1.707654774	441.9518627	343	23.72296891	124881.1899	58212.52801	0.5
2429.591879	64858.04814	175.4757837	181.7354624	0.2770651744	-964.5177131	-3	1.705700125	443.6575628	344	23.77374036	124842.2157	58175.30909	0.5
2413.516583	64856.34244	174.5096737	180.6942011	0.275462236	-958.9914662	-3	1.703839875	445.3614027	345	23.82422243	124810.0433	58144.89001	0.5
2397.533392	64854.6386	173.5433722	179.6534172	0.2738602947	-953.4677533	-3	1.702075366	447.063478	346	23.87441526	124784.7887	58121.38671	0.5
2381.642263	64852.93652	172.57688	178.6131079	0.2722593442	-947.9465594	-3	1.700407981	448.763886	347	23.92431899	124766.5708	58104.91836	0.5
2365.843154	64851.23611	171.6101978	177.5732704	0.2706593786	-942.4278694	-3	1.698839143	450.4627252	348	23.97393374	124755.512	58095.60745	0.5
2350.136023	64849.53727	170.6433264	176.5339019	0.2690603917	-936.9116684	-3	1.697370315	452.1600955	349	24.02325965	124751.7383	58093.5799	0.5
2334.520828	64847.8399	169.6762666	175.4949996	0.2674623776	-931.3979416	-3	1.696003004	453.8560985	350	24.07229685	124755.3789	58098.96523	0.5
2318.997529	64846.1439	168.7090192	174.4565606	0.2658653301	-925.886674	-3	1.694738762	455.5508372	351	24.12104546	124766.567	58111.89664	0.5
2303.566084	64844.44916	167.741585	173.4185822	0.2642692432	-920.3778507	-3	1.693579186	457.2444164	352	24.16950561	124785.4395	58132.51114	0.5
2288.226454	64842.75558	166.7739647	172.3810616	0.2626741109	-914.8714568	-3	1.692525921	458.9369423	353	24.21767744	124812.1373	58160.9497	0.5
2272.978596	64841.06306	165.8061593	171.3439958	0.2610799272	-909.3674774	-3	1.691580663	460.628523	354	24.26556107	124846.8052	58197.3574	0.5
2257.822471	64839.37148	164.8381695	170.3073823	0.259486686	-903.8658976	-3	1.690745155	462.3192682	355	24.31315662	124889.5926	58241.88356	0.5
2242.75804	64837.68073	163.8699961	169.2712181	0.2578943813	-898.3667027	-3	1.690021198	464.0092894	356	24.36046423	124940.6531	58294.68189	0.5
2227.785261	64835.99071	162.9016399	168.2355004	0.2563030072	-892.8698777	-3	1.689410643	465.6987	357	24.40748401	125000.1447	58355.91066	0.5
2212.904097	64834.3013	161.9331018	167.2002265	0.2547125576	-887.3754079	-3	1.688915402	467.3876154	358	24.4542161	125068.2303	58425.73286	0.5
2198.114507	64832.61238	160.9643826	166.1653936	0.2531230266	-881.8832783	-3	1.688537444	469.0761528	359	24.5006606	125145.0779	58504.3164	0.5
2183.416452	64830.92385	159.9954831	165.1309988	0.2515344081	-876.3934743	-3	1.254887567	470.3310404	360	24.54681766	93083.35184	58591.83423	0.9660204949
2168.809894	64829.66896	159.9954831	165.0958636	0.2514680693	-876.2070025	-3	1.25481646	471.5858569	361	24.59268738	93080.72923	58590.48551	0.9660374754
2154.206444	64828.41414	159.9954831	165.0607466	0.2514017683	-876.0206272	-3	1.254745383	472.8406023	362	24.63854734	93078.10736	58589.13697	0.9660544426
2139.6061	64827.1594	159.9954831	165.0256477	0.2513355051	-875.8343483	-3	1.254674336	474.0952766	363	24.68439755	93075.48621	58587.7886	0.9660713966
2125.008861	64825.90472	159.9954831	164.990567	0.2512692796	-875.6481657	-3	1.25460332	475.3498799	364	24.73023801	93072.8658	58586.44041	0.9660883374
2110.414725	64824.65012	159.9954831	164.9555044	0.2512030919	-875.4620793	-3	1.254532333	476.6044122	365	24.77606872	93070.24611	58585.09239	0.966105265
2095.82369	64823.39559	159.9954831	164.9204599	0.2511369418	-875.276089	-3	1.254461378	477.8588736	366	24.82188969	93067.62715	58583.74456	0.9661221795
2081.235756	64822.14113	159.9954831	164.8854335	0.2510708294	-875.0901948	-3	1.254390452	479.1132641	367	24.86770093	93065.00892	58582.3969	0.9661390808
2066.650919	64820.88674	159.9954831	164.8504252	0.2510047547	-874.9043966	-3	1.254319556	480.3675836	368	24.91350244	93062.39141	58581.04941	0.966155969
2052.069179	64819.63242	159.9954831	164.815435	0.2509387175	-874.7186942	-3	1.254248691	481.6218323	369	24.95929423	93059.77463	58579.7021	0.966172844
2037.490534	64818.37817	159.9954831	164.7804628	0.2508727179	-874.5330877	-3	1.254177856	482.8760102	370	25.00507629	93057.15858	58578.35496	0.966189706
2022.914983	64817.12399	159.9954831	164.7455086	0.2508067558	-874.347577	-3	1.254107051	484.1301172	371	25.05084864	93054.54325	58577.00801	0.9662065549
2008.342523	64815.86988	159.9954831	164.7105725	0.2507408312	-874.1621619	-3	1.254036276	485.3841535	372	25.09661128	93051.92865	58575.66122	0.9662233906
1993.773154	64814.61585	159.9954831	164.6756544	0.2506749441	-873.9768425	-3	1.253965531	486.638119	373	25.14236422	93049.31477	58574.31461	0.9662402134
1979.206873	64813.36188	159.9954831	164.6407543	0.2506090944	-873.7916185	-3	1.253894816	487.8920139	374	25.18810746	93046.70161	58572.96818	0.966257023
1964.643679	64812.10799	159.9954831	164.6058722	0.2505432821	-873.60649	-3	1.253824131	489.145838	375	25.233841	93044.08917	58571.62192	0.9662738197
1950.083571	64810.85416	159.9954831	164.5710081	0.2504775072	-873.4214568	-3	1.253753477	490.3995915	376	25.27956485	93041.47745	58570.27584	0.9662906033
1935.526547	64809.60041	159.9954831	164.5361619	0.2504117696	-873.2365189	-3	1.253682852	491.6532743	377	25.32527902	93038.86646	58568.92993	0.9663073738
1920.972605	64808.34673	159.9954831	164.5013336	0.2503460693	-873.0516763	-3	1.253612257	492.9068866	378	25.37098351	93036.25618	58567.58419	0.9663241314
1906.421744	64807.09311	159.9954831	164.4665233	0.2502804062	-872.8669287	-3	1.253541692	494.1604283	379	25.41667833	93033.64663	58566.23863	0.966340876
1891.873961	64805.83957	159.9954831	164.4317309	0.2502147805	-872.6822763	-3	1.253471156	495.4138994	380	25.46236347	93031.03779	58564.89325	0.9663576077
1877.329257	64804.5861	159.9954831	164.3969564	0.2501491919	-872.4977188	-3	1.253400651	496.6673001	381	25.50803895	93028.42967	58563.54803	0.9663743264
1862.787628	64803.3327	159.9954831	164.3621997	0.2500836405	-872.3132562	-3	1.253330176	497.9206302	382	25.55370477	93025.82226	58562.203	0.9663910321
1848.249074	64802.07937	159.9954831	164.327461	0.2500181262	-872.1288884	-3	1.25325973	499.17389	383	25.59936094	93023.21557	58560.85813	0.9664077249
1833.713592	64800.82611	159.9954831	164.29274	0.249952649	-871.9446153	-3	1.253189314	500.4270793	384	25.64500746	93020.6096	58559.51344	0.9664244048
1819.181182	64799.57292	159.9954831	164.2580369	0.2498872089	-871.760437	-3	1.253118928	501.6801982	385	25.69064433	93018.00434	58558.16893	0.9664410718
1804.651842	64798.3198	159.9954831	164.2233517	0.2498218059	-871.5763532	-3	1.253048571	502.9332468	386	25.73627156	93015.3998	58556.82458	0.9664577259
1790.125569	64797.06675	159.9954831	164.1886842	0.2497564398	-871.3923639	-3	1.252978245	504.186225	387	25.78188916	93012.79596	58555.48041	0.9664743671
1775.602363	64795.81377	159.9954831	164.1540346	0.2496911108	-871.2084691	-3	1.252907947	505.439133	388	25.82749713	93010.19285	58554.13642	0.9664909954
1761.082222	64794.56087	159.9954831	164.1194027	0.2496258187	-871.0246687	-3	1.25283768	506.6919707	389	25.87309547	93007.59044	58552.79259	0.9665076109
1746.565144	64793.30803	159.9954831	164.0847886	0.2495605635	-870.8409625	-3	1.252767442	507.9447381	390	25.91868419	93004.98874	58551.44894	0.9665242136
1732.051128	64792.05526	159.9954831	164.0501922	0.2494953452	-870.6573505	-3	1.252697234	509.1974353	391	25.9642633	93002.38776	58550.10546	0.9665408034
1717.540172	64790.80256	159.9954831	164.0156136	0.2494301637	-870.4738327	-3	1.252627055	510.4500624	392	26.0098328	92999.78748	58548.76216	0.9665573805
1703.032275	64789.54994	159.9954831	163.9810527	0.2493650191	-870.290409	-3	1.252556906	511.7026193	393	26.05539269	92997.18792	58547.41903	0.9665739447
1688.527435	64788.29738	159.9954831	163.9465095	0.2492999112	-870.1070792	-3	1.252486786	512.9551061	394	26.10094298	92994.58906	58546.07607	0.9665904961
1674.02565	64787.04489	159.9954831	163.911984	0.2492348401	-869.9238433	-3	1.252416696	514.2075228	395	26.14648368	92991.99091	58544.73328	0.9666070348
1659.526919	64785.79248	159.9954831	163.8774762	0.2491698058	-869.7407013	-3	1.252346635	515.4598694	396	26.19201479	92989.39347	58543.39066	0.9666235607
1645.031241	64784.54013	159.9954831	163.842986	0.2491048081	-869.557653	-3	1.252276604	516.712146	397	26.23753631	92986.79673	58542.04822	0.9666400739
1630.538613	64783.28785	159.9954831	163.8085135	0.2490398471	-869.3746984	-3	1.252206602	517.9643526	398	26.28304825	92984.2007	58540.70595	0.9666565744
1616.049035	64782.03565	159.9954831	163.7740587	0.2489749227	-869.1918374	-3	1.25213663	519.2164892	399	26.32855061	92981.60537	58539.36385	0.9666730621
1601.562505	64780.78351	159.9954831	163.7396214	0.2489100349	-869.00907	-3	1.252066686	520.4685559	400	26.37404341	92979.01075	58538.02192	0.9666895371
1587.07902	64779.53144	159.9954831	163.7052018	0.2488451837	-868.826396	-3	1.251996773	521.7205527	401	26.41952664	92976.41683	58536.68016	0.9667059994
1572.59858	64778.27945	159.9954831	163.6707998	0.248780369	-868.6438154	-3	1.251926888	522.9724796	402	26.4650003	92973.82362	58535.33858	0.9667224491
1558.121183	64777.02752	159.9954831	163.6364153	0.2487155909	-868.461328	-3	1.251857033	524.2243366	403	26.51046441	92971.2311	58533.99716	0.9667388861
1543.646828	64775.77566	159.9954831	163.6020484	0.2486508492	-868.278934	-3	1.251787207	525.4761238	404	26.55591897	92968.63929	58532.65592	0.9667553104
1529.175512	64774.52388	159.9954831	163.5676991	0.2485861439	-868.096633	-3	1.25171741	526.7278412	405	26.60136399	92966.04818	58531.31485	0.9667717221
1514.707235	64773.27216	159.9954831	163.5333673	0.2485214751	-867.9144252	-3	1.251647642	527.9794889	406	26.64679946	92963.45777	58529.97395	0.9667881212
1500.241995	64772.02051	159.9954831	163.499053	0.2484568426	-867.7323103	-3	1.251577904	529.2310668	407	26.6922254	92960.86806	58528.63321	0.9668045076
1485.779789	64770.76893	159.9954831	163.4647562	0.2483922465	-867.5502884	-3	1.684296341	530.9153631	408	26.7376418	125104.4859	58527.29265	0.5
1471.320618	64769.08464	159.0168989	162.43165	0.2468099993	-862.0673231	-3	1.684160299	532.5995234	409	26.78304868	125199.4055	58623.94353	0.5
1456.952829	64767.40048	158.0381305	161.3989699	0.2452286368	-856.5866192	-3	1.684150016	534.2836734	410	26.82816858	125303.7978	58730.06696	0.5
1442.676386	64765.71633	157.0591789	160.3667132	0.2436481531	-851.1081621	-3	1.68426778	535.9679412	411	26.87300163	125417.8574	58845.85769	0.5
1428.491249	64764.03206	156.0800449	159.3348769	0.2420685425	-845.631937	-3	1.684515957	537.6524572	412	26.91754793	125541.785	58971.51655	0.5
1414.397384	64762.34754	155.1007295	158.3034585	0.2404897989	-840.1579293	-3	1.684896984	539.3373542	413	26.96180762	125675.7877	59107.25074	0.5
1400.394752	64760.66265	154.1212335	157.2724552	0.2389119165	-834.6861244	-3	1.685413383	541.0227676	414	27.00578081	125820.0791	59253.27403	0.5
1386.483316	64758.97723	153.1415578	156.2418641	0.2373348895	-829.2165076	-3	1.686067753	542.7088353	415	27.0494676	125974.8797	59409.80705	0.5
1372.663041	64757.29116	152.1617034	155.2116826	0.2357587119	-823.7490642	-3	1.686862783	544.3956981	416	27.09286812	126140.4171	59577.07755	0.5
1358.93389	64755.6043	151.1816711	154.1819078	0.234183378	-818.2837797	-3	1.939484615	546.3351827	417	27.13598247	145153.1901	78591.58448	0.5
1345.295827	64753.66482	150.2014619	153.1525371	0.2326088818	-812.8206395	-3	1.936498483	548.2716812	418	27.17881078	145051.8632	78492.25114	0.5
1331.748816	64751.72832	149.2210767	152.1235676	0.2310352176	-807.3596289	-3	1.933684445	550.2053656	419	27.22135315	144963.2191	78405.59748	0.5
1318.292823	64749.79463	148.2405164	151.0949966	0.2294623795	-801.9007333	-3	1.931045375	552.136411	420	27.2636097	144887.5059	78331.87198	0.5
1304.92781	64747.86359	147.259782	150.0668214	0.2278903617	-796.4439382	-3	1.928584249	554.0649953	421	27.30558053	144824.9804	78271.33135	0.5
1291.653745	64745.935	146.2788743	149.0390393	0.2263191584	-790.9892291	-3	1.926304145	555.9912994	422	27.34726576	144775.9076	78224.24088	0.5
1278.470591	64744.0087	145.2977944	148.0116474	0.2247487637	-785.5365913	-3	1.924208245	557.9155076	423	27.38866549	144740.5614	78190.87477	0.5
1265.378314	64742.08449	144.3165432	146.9846431	0.2231791719	-780.0860103	-3	1.922299848	559.8378075	424	27.42977984	144719.2253	78171.51652	0.5
1252.376881	64740.16219	143.3351216	145.9580236	0.2216103771	-774.6374716	-3	1.920582364	561.7583899	425	27.47060891	144712.1922	78166.45931	0.5
1239.466256	64738.24161	142.3535305	144.9317862	0.2200423736	-769.1909607	-3	1.919059326	563.6774492	426	27.5111528	144719.7651	78176.00641	0.5
1226.646407	64736.32255	141.371771	143.9059281	0.2184751555	-763.746463	-3	1.917734393	565.5951836	427	27.55141163	144742.2577	78200.47159	0.5
1213.917299	64734.40482	140.389844	142.8804466	0.2169087172	-758.303964	-3	1.916611356	567.5117949	428	27.5913855	144779.9945	78240.17958	0.5
1201.2789	64732.48821	139.4077504	141.8553389	0.2153430528	-752.8634493	-3	1.915694141	569.4274891	429	27.63107451	144833.3114	78295.46656	0.5
1188.731176	64730.57251	138.4254912	140.8306025	0.2137781565	-747.4249043	-3	1.914986819	571.3424759	430	27.67047877	144902.5563	78366.6806	0.5
1176.274094	64728.65752	137.4430674	139.8062344	0.2122140227	-741.9883146	-3	1.914493608	573.2569695	431	27.70959839	144988.0896	78454.18223	0.5
1163.907622	64726.74303	136.46048	138.782232	0.2106506456	-736.5536657	-3	1.914218883	575.1711884	432	27.74843345	145090.2844	78558.34495	0.5
1151.631728	64724.82881	135.47773	137.7585926	0.2090880193	-731.1209432	-3	1.91416718	577.0853556	433	27.78698407	145209.5277	78679.55582	0.5
1139.446379	64722.91464	134.4948182	136.7353135	0.2075261382	-725.6901326	-3	1.486780292	578.5721359	434	27.82525035	112883.5704	78818.21605	0.9764760363
1127.351543	64721.42786	134.4948182	136.7112493	0.2074809206	-725.5624175	-3	1.486708162	580.058844	435	27.86323238	112880.3484	78816.12124	0.976485914
1115.258836	64719.94116	134.4948182	136.6871954	0.2074357243	-725.4347574	-3	1.486636052	581.5454801	436	27.90120773	112877.127	78814.02663	0.9764957852
1103.168257	64718.45452	134.4948182	136.6631519	0.2073905493	-725.3071521	-3	1.486563964	583.032044	437	27.93917639	112873.9061	78811.93223	0.9765056499
1091.079804	64716.96796	134.4948182	136.6391187	0.2073453958	-725.1796016	-3	1.486491896	584.5185359	438	27.97713838	112870.6856	78809.83802	0.9765155081
1078.993478	64715.48146	134.4948182	136.6150958	0.2073002636	-725.052106	-3	1.486419849	586.0049558	439	28.01509369	112867.4656	78807.74401	0.9765253598
1066.909276	64713.99504	134.4948182	136.5910832	0.2072551527	-724.9246651	-3	1.486347823	587.4913036	440	28.05304233	112864.2461	78805.6502	0.976535205
1054.827198	64712.5087	134.4948182	136.567081	0.2072100631	-724.7972789	-3	1.486275818	588.9775794	441	28.09098429	112861.0271	78803.55659	0.9765450438
1042.747243	64711.02242	134.4948182	136.5430891	0.2071649948	-724.6699474	-3	1.486203834	590.4637833	442	28.12891959	112857.8086	78801.46319	0.976554876
1030.669411	64709.53622	134.4948182	136.5191074	0.2071199477	-724.5426706	-3	1.48613187	591.9499151	443	28.16684823	112854.5906	78799.36998	0.9765647018
1018.5937	64708.05008	134.4948182	136.4951361	0.207074922	-724.4154484	-3	1.486059927	593.4359751	444	28.2047702	112851.3731	78797.27697	0.9765745212
1006.520109	64706.56402	134.4948182	136.471175	0.2070299175	-724.2882808	-3	1.485988005	594.9219631	445	28.24268552	112848.156	78795.18416	0.976584334
994.4486377	64705.07804	134.4948182	136.4472243	0.2069849342	-724.1611677	-3	1.485916104	596.4078792	446	28.28059418	112844.9394	78793.09155	0.9765941404
982.3792849	64703.59212	134.4948182	136.4232837	0.2069399721	-724.0341092	-3	1.485844223	597.8937234	447	28.31849619	112841.7234	78790.99914	0.9766039404
970.3120497	64702.10628	134.4948182	136.3993535	0.2068950313	-723.9071051	-3	1.485772363	599.3794957	448	28.35639154	112838.5078	78788.90693	0.9766137339
958.2469313	64700.6205	134.4948182	136.3754335	0.2068501116	-723.7801554	-3	1.485700524	600.8651963	449	28.39428025	112835.2926	78786.81492	0.976623521
946.1839287	64699.1348	134.4948182	136.3515238	0.2068052131	-723.6532602	-3	1.485628706	602.350825	450	28.43216232	112832.078	78784.72311	0.9766333017
934.1230411	64697.64918	134.4948182	136.3276243	0.2067603358	-723.5264193	-3	1.485556908	603.8363819	451	28.47003774	112828.8639	78782.63149	0.976643076
922.0642674	64696.16362	134.4948182	136.303735	0.2067154795	-723.3996327	-3	1.485485131	605.321867	452	28.50790652	112825.6502	78780.54008	0.9766528438
910.0076069	64694.67813	134.4948182	136.279856	0.2066706445	-723.2729004	-3	1.485413374	606.8072804	453	28.54576867	112822.437	78778.44886	0.9766626052
897.9530585	64693.19272	134.4948182	136.2559872	0.2066258305	-723.1462223	-3	1.485341638	608.292622	454	28.58362419	112819.2243	78776.35784	0.9766723602
885.9006215	64691.70738	134.4948182	136.2321286	0.2065810376	-723.0195985	-3	1.485269923	609.777892	455	28.62147307	112816.0121	78774.26703	0.9766821088
873.8502948	64690.22211	134.4948182	136.2082802	0.2065362658	-722.8930288	-3	1.485198229	611.2630902	456	28.65931533	112812.8003	78772.17641	0.976691851
861.8020777	64688.73691	134.4948182	136.184442	0.2064915151	-722.7665133	-3	1.485126555	612.7482167	457	28.69715097	112809.5891	78770.08598	0.9767015868
849.7559691	64687.25178	134.4948182	136.160614	0.2064467854	-722.6400519	-3	1.485054901	614.2332716	458	28.73497998	112806.3783	78767.99576	0.9767113163
837.7119683	64685.76673	134.4948182	136.1367962	0.2064020767	-722.5136445	-3	1.484983268	615.7182549	459	28.77280237	112803.168	78765.90574	0.9767210393
825.6700742	64684.28175	134.4948182	136.1129885	0.2063573891	-722.3872912	-3	1.484911656	617.2031666	460	28.81061815	112799.9582	78763.81591	0.976730756
813.630286	64682.79683	134.4948182	136.0891911	0.2063127225	-722.2609918	-3	1.484840064	618.6880066	461	28.84842731	112796.7488	78761.72628	0.9767404663
801.5926028	64681.31199	134.4948182	136.0654038	0.2062680768	-722.1347465	-3	1.484768493	620.1727751	462	28.88622986	112793.54	78759.63685	0.9767501703
789.5570237	64679.82722	134.4948182	136.0416267	0.2062234522	-722.008555	-3	1.484696942	621.6574721	463	28.92402581	112790.3316	78757.54762	0.9767598679
777.5235478	64678.34253	134.4948182	136.0178597	0.2061788485	-721.8824174	-3	1.484625412	623.1420975	464	28.96181515	112787.1237	78755.45858	0.9767695591
765.4921742	64676.8579	134.4948182	135.9941028	0.2061342657	-721.7563337	-3	1.484553902	624.6266514	465	28.99959789	112783.9163	78753.36974	0.9767792441
753.4629019	64675.37335	134.4948182	135.9703562	0.2060897039	-721.6303038	-3	1.484482412	626.1111338	466	29.03737403	112780.7094	78751.2811	0.9767889226
