Hp[ft]	ACMass[kg]	CAS[kt]	TAS[kt]	M[-]	ROCD[ft/min]	Grad[deg]	FuelFlow[kg/s]	Fuel[kg]	Time[s]	Distance[NM]	Thr[N]	D[N]	fM[-]
10000	65300	250	288.7023134	0.452275114	-1532.218816	-3	0.09260353994	0.09260353994	0	0	6243.421317	43463.68775	0.9016752257
9974.46302	65299.9074	250	288.5934003	0.4520618779	-1531.640786	-3	-0.1849370785	-0.09233353854	1	0.08019508706	-12469.63984	43464.60108	0.6
9948.935673	65300.09233	249.4146574	287.818786	0.4508060248	-1527.529705	-3	-0.1861715913	-0.2785051299	2	0.1603599205	-12560.04984	43374.34949	0.6
9923.476845	65300.27851	248.829175	287.0447393	0.4495514148	-1523.421636	-3	-0.1873949093	-0.4659000392	3	0.2403095833	-12649.80221	43284.75659	0.6
9898.086484	65300.4659	248.2435532	286.2712583	0.4482980437	-1519.31657	-3	-0.1886069807	-0.6545070199	4	0.3200442331	-12738.89223	43195.82709	0.6
9872.764541	65300.65451	247.6577918	285.4983414	0.4470459073	-1515.214497	-3	-0.1898077534	-0.8443147733	5	0.3995640271	-12827.31515	43107.56572	0.6
9847.510967	65300.84431	247.0718911	284.7259867	0.4457950013	-1511.115409	-3	-0.1909971746	-1.035311948	6	0.4788691219	-12915.06616	43019.97729	0.6
9822.32571	65301.03531	246.485851	283.9541926	0.4445453216	-1507.019295	-3	-0.1921751911	-1.227487139	7	0.5579596738	-13002.14042	42933.06664	0.6
9797.208721	65301.22749	245.8996718	283.1829571	0.443296864	-1502.926146	-3	-0.193341749	-1.420828888	8	0.6368358384	-13088.53302	42846.83865	0.6
9772.159952	65301.42083	245.3133535	282.4122787	0.4420496243	-1498.835954	-3	-0.1944967938	-1.615325682	9	0.7154977709	-13174.23903	42761.29825	0.6
9747.179353	65301.61533	244.7268961	281.6421555	0.4408035984	-1494.748708	-3	-0.1956402705	-1.810965952	10	0.7939456261	-13259.25345	42676.45044	0.6
9722.266875	65301.81097	244.1402999	280.8725858	0.4395587821	-1490.6644	-3	-0.1967721235	-2.007738076	11	0.8721795582	-13343.57122	42592.30024	0.6
9697.422468	65302.00774	243.5535648	280.1035679	0.4383151713	-1486.583021	-3	-0.1978922966	-2.205630372	12	0.9501997209	-13427.18727	42508.85274	0.6
9672.646084	65302.20563	242.9666911	279.3350999	0.4370727618	-1482.50456	-3	-0.199000733	-2.404631105	13	1.028006268	-13510.09644	42426.11308	0.6
9647.937675	65302.40463	242.3796788	278.5671803	0.4358315496	-1478.429009	-3	-0.2000973751	-2.60472848	14	1.105599351	-13592.29354	42344.08644	0.6
9623.297191	65302.60473	241.792528	277.7998071	0.4345915304	-1474.356359	-3	-0.2011821649	-2.805910645	15	1.182979123	-13673.77331	42262.77807	0.6
9598.724585	65302.80591	241.2052388	277.0329787	0.4333527002	-1470.2866	-3	-0.2022550435	-3.008165689	16	1.260145736	-13754.53045	42182.19325	0.6
9574.219809	65303.00817	240.6178113	276.2666934	0.4321150549	-1466.219723	-3	-0.2033159517	-3.211481641	17	1.337099341	-13834.55961	42102.33735	0.6
9549.782813	65303.21148	240.0302457	275.5009495	0.4308785905	-1462.155719	-3	-0.2043648292	-3.41584647	18	1.41384009	-13913.85535	42023.21576	0.6
9525.413551	65303.41585	239.4425421	274.7357451	0.4296433027	-1458.094579	-3	-0.2054016154	-3.621248085	19	1.490368131	-13992.41222	41944.83394	0.6
9501.111975	65303.62125	238.8547005	273.9710786	0.4284091876	-1454.036294	-3	-0.2064262488	-3.827674334	20	1.566683616	-14070.22468	41867.19742	0.6
9476.878037	65303.82767	238.2667211	273.2069483	0.4271762411	-1449.980854	-3	-0.2074386672	-4.035113001	21	1.642786693	-14147.28715	41790.31178	0.6
9452.711689	65304.03511	237.678604	272.4433524	0.4259444591	-1445.92825	-3	-0.2084388077	-4.243551809	22	1.718677512	-14223.59398	41714.18264	0.6
9428.612885	65304.24355	237.0903494	271.6802893	0.4247138376	-1441.878474	-3	-0.2094266069	-4.452978416	23	1.794356221	-14299.13945	41638.8157	0.6
9404.581577	65304.45298	236.5019573	270.9177571	0.4234843726	-1437.831516	-3	-0.2104020002	-4.663380416	24	1.869822968	-14373.91781	41564.21673	0.6
9380.617719	65304.66338	235.9134279	270.1557543	0.42225606	-1433.787368	-3	-0.2113649227	-4.874745338	25	1.945077901	-14447.92322	41490.39154	0.6
9356.721263	65304.87475	235.3247613	269.394279	0.4210288958	-1429.746019	-3	-0.2123153084	-5.087060647	26	2.020121166	-14521.14979	41417.34602	0.6
9332.892162	65305.08706	234.7359576	268.6333297	0.419802876	-1425.707461	-3	-0.2132530909	-5.300313738	27	2.09495291	-14593.59156	41345.08612	0.6
9309.130371	65305.30031	234.147017	267.8729045	0.4185779967	-1421.671686	-3	-0.2141782025	-5.51449194	28	2.169573279	-14665.24251	41273.61784	0.6
9285.435843	65305.51449	233.5579396	267.1130018	0.4173542537	-1417.638683	-3	-0.2150905752	-5.729582515	29	2.24398242	-14736.09653	41202.94728	0.6
9261.808532	65305.72958	232.9687255	266.3536199	0.4161316432	-1413.608444	-3	-0.2159901399	-5.945572655	30	2.318180476	-14806.14749	41133.08056	0.6
9238.248391	65305.94557	232.3793748	265.594757	0.4149101612	-1409.58096	-3	-0.2168768267	-6.162449482	31	2.392167592	-14875.38914	41064.02392	0.6
9214.755375	65306.16245	231.7898878	264.8364116	0.4136898036	-1405.556222	-3	-0.2177505649	-6.380200047	32	2.465943914	-14943.8152	40995.78364	0.6
9191.329438	65306.3802	231.2002644	264.0785819	0.4124705666	-1401.534222	-3	-0.2186112829	-6.59881133	33	2.539509584	-15011.41929	40928.36607	0.6
9167.970534	65306.59881	230.6105049	263.3212662	0.4112524462	-1397.514949	-3	-0.2194589084	-6.818270238	34	2.612864745	-15078.19497	40861.77764	0.6
9144.678618	65306.81827	230.0206094	262.5644628	0.4100354385	-1393.498395	-3	-0.220293368	-7.038563606	35	2.686009541	-15144.13574	40796.02485	0.6
9121.453645	65307.03856	229.4305781	261.8081701	0.4088195395	-1389.484551	-3	-0.2211145874	-7.259678194	36	2.758944114	-15209.235	40731.11429	0.6
9098.295569	65307.25968	228.840411	261.0523863	0.4076047452	-1385.473409	-3	-0.2219224916	-7.481600685	37	2.831668606	-15273.4861	40667.0526	0.6
9075.204346	65307.4816	228.2501084	260.2971099	0.4063910519	-1381.464959	-3	-0.2227170044	-7.70431769	38	2.904183158	-15336.88228	40603.84651	0.6
9052.17993	65307.70432	227.6596704	259.5423391	0.4051784556	-1377.459192	-3	-0.2234980488	-7.927815738	39	2.976487911	-15399.41673	40541.50283	0.6
9029.222277	65307.92782	227.069097	258.7880722	0.4039669523	-1373.456101	-3	-0.2242655469	-8.152081285	40	3.048583005	-15461.08256	40480.02845	0.6
9006.331342	65308.15208	226.4783886	258.0343076	0.4027565382	-1369.455674	-3	-0.2250194197	-8.377100705	41	3.12046858	-15521.87277	40419.43033	0.6
8983.50708	65308.3771	225.8875452	257.2810436	0.4015472095	-1365.457905	-3	-0.2257595872	-8.602860292	42	3.192144777	-15581.78032	40359.71553	0.6
8960.749449	65308.60286	225.2965669	256.5282786	0.4003389622	-1361.462784	-3	-0.2264859684	-8.829346261	43	3.263611733	-15640.79805	40300.89118	0.6
8938.058402	65308.82935	224.705454	255.7760108	0.3991317925	-1357.470302	-3	-0.2271984814	-9.056544742	44	3.334869589	-15698.91872	40242.9645	0.6
8915.433897	65309.05654	224.1142066	255.0242387	0.3979256965	-1353.48045	-3	-0.227897043	-9.284441785	45	3.405918481	-15756.13504	40185.9428	0.6
8892.87589	65309.28444	223.5228248	254.2729605	0.3967206704	-1349.49322	-3	-0.2285815692	-9.513023354	46	3.476758547	-15812.43958	40129.83347	0.6
8870.384336	65309.51302	222.9313088	253.5221747	0.3955167103	-1345.508603	-3	-0.2292519747	-9.742275329	47	3.547389925	-15867.82485	40074.644	0.6
8847.959193	65309.74228	222.3396588	252.7718795	0.3943138124	-1341.52659	-3	-0.2299081733	-9.972183502	48	3.617812751	-15922.28327	40020.38196	0.6
8825.600416	65309.97218	221.7478749	252.0220733	0.393111973	-1337.547172	-3	-0.2305500775	-10.20273358	49	3.688027162	-15975.80714	39967.05501	0.6
8803.307963	65310.20273	221.1559573	251.2727545	0.3919111881	-1333.570341	-3	-0.2311775987	-10.43391118	50	3.758033293	-16028.38871	39914.67092	0.6
8781.081791	65310.43391	220.5639061	250.5239215	0.3907114539	-1329.596087	-3	-0.2317906471	-10.66570183	51	3.827831281	-16080.0201	39863.23756	0.6
8758.921856	65310.6657	219.9717216	249.7755725	0.3895127668	-1325.624403	-3	0.05027056005	-10.61543127	52	3.897421259	3489.401512	39812.76286	0.9240905158
8736.828116	65310.61543	219.9717216	249.6935258	0.3893533524	-1325.18896	-3	0.05030273986	-10.56512853	53	3.966803362	3491.852582	39813.03061	0.924145353
8714.741633	65310.56513	219.9717216	249.6115432	0.3891940766	-1324.753857	-3	0.05033487553	-10.51479365	54	4.036162675	3494.300724	39813.29801	0.9242001306
8692.662403	65310.51479	219.9717216	249.5296247	0.3890349392	-1324.319094	-3	0.05036696714	-10.46442668	55	4.105499215	3496.74594	39813.56506	0.9242548487
8670.590418	65310.46443	219.9717216	249.4477702	0.3888759401	-1323.884671	-3	0.05039901477	-10.41402767	56	4.174813	3499.188238	39813.83177	0.9243095074
8648.525673	65310.41403	219.9717216	249.3659796	0.3887170791	-1323.450586	-3	0.05043101849	-10.36359665	57	4.244104047	3501.62762	39814.09814	0.9243641067
8626.468163	65310.3636	219.9717216	249.2842528	0.388558356	-1323.016841	-3	0.05046297838	-10.31313367	58	4.313372375	3504.064092	39814.36416	0.9244186468
8604.417883	65310.31313	219.9717216	249.2025897	0.3883997706	-1322.583434	-3	0.05049489451	-10.26263878	59	4.382618	3506.497658	39814.62984	0.9244731278
8582.374825	65310.26264	219.9717216	249.1209903	0.3882413227	-1322.150364	-3	0.05052676697	-10.21211201	60	4.451840942	3508.928323	39814.89518	0.9245275496
8560.338986	65310.21211	219.9717216	249.0394545	0.3880830122	-1321.717632	-3	0.05055859583	-10.16155341	61	4.521041217	3511.356092	39815.16017	0.9245819125
8538.310359	65310.16155	219.9717216	248.9579822	0.3879248389	-1321.285237	-3	0.05059038116	-10.11096303	62	4.590218843	3513.780969	39815.42482	0.9246362164
8516.288938	65310.11096	219.9717216	248.8765733	0.3877668026	-1320.853179	-3	0.05062212304	-10.06034091	63	4.659373838	3516.202958	39815.68913	0.9246904615
8494.274719	65310.06034	219.9717216	248.7952278	0.3876089031	-1320.421457	-3	0.05065382155	-10.00968709	64	4.72850622	3518.622064	39815.9531	0.9247446478
8472.267694	65310.00969	219.9717216	248.7139456	0.3874511403	-1319.990071	-3	0.05068547676	-9.959001611	65	4.797616005	3521.038292	39816.21672	0.9247987754
8450.26786	65309.959	219.9717216	248.6327266	0.3872935139	-1319.559021	-3	0.05071708874	-9.908284523	66	4.866703212	3523.451647	39816.48001	0.9248528445
8428.275209	65309.90828	219.9717216	248.5515707	0.3871360239	-1319.128305	-3	0.05074865757	-9.857535865	67	4.935767859	3525.862132	39816.74296	0.924906855
8406.289738	65309.85754	219.9717216	248.4704779	0.3869786699	-1318.697925	-3	0.05078018333	-9.806755682	68	5.004809962	3528.269753	39817.00557	0.9249608071
8384.311439	65309.80676	219.9717216	248.3894481	0.3868214519	-1318.267878	-3	0.05081166609	-9.755944016	69	5.073829539	3530.674513	39817.26784	0.9250147009
8362.340308	65309.75594	219.9717216	248.3084812	0.3866643696	-1317.838165	-3	0.05084310593	-9.70510091	70	5.142826608	3533.076418	39817.52977	0.9250685364
8340.376338	65309.7051	219.9717216	248.2275771	0.386507423	-1317.408786	-3	0.05087450291	-9.654226407	71	5.211801186	3535.475471	39817.79137	0.9251223137
8318.419525	65309.65423	219.9717216	248.1467357	0.3863506117	-1316.97974	-3	0.05090585712	-9.60332055	72	5.280753291	3537.871678	39818.05262	0.9251760329
8296.469863	65309.60332	219.9717216	248.0659571	0.3861939357	-1316.551026	-3	0.05093716863	-9.552383381	73	5.349682939	3540.265043	39818.31355	0.9252296941
8274.527346	65309.55238	219.9717216	247.985241	0.3860373947	-1316.122645	-3	0.05096843751	-9.501414944	74	5.41859015	3542.65557	39818.57413	0.9252832973
8252.591968	65309.50141	219.9717216	247.9045875	0.3858809886	-1315.694596	-3	0.05099966383	-9.45041528	75	5.487474939	3545.043264	39818.83438	0.9253368427
8230.663725	65309.45042	219.9717216	247.8239964	0.3857247172	-1315.266878	-3	0.05103084767	-9.399384432	76	5.556337324	3547.428129	39819.09429	0.9253903303
8208.74261	65309.39938	219.9717216	247.7434678	0.3855685804	-1314.839491	-3	0.05106198911	-9.348322443	77	5.625177323	3549.81017	39819.35387	0.9254437602
8186.828619	65309.34832	219.9717216	247.6630014	0.3854125779	-1314.412435	-3	0.05109308821	-9.297229355	78	5.693994953	3552.189391	39819.61312	0.9254971325
8164.921745	65309.29723	219.9717216	247.5825972	0.3852567096	-1313.985709	-3	0.05112414505	-9.24610521	79	5.762790231	3554.565797	39819.87203	0.9255504472
8143.021983	65309.24611	219.9717216	247.5022553	0.3851009754	-1313.559313	-3	0.0511551597	-9.19495005	80	5.831563175	3556.939392	39820.13061	0.9256037045
8121.129328	65309.19495	219.9717216	247.4219754	0.3849453749	-1313.133247	-3	0.05118613224	-9.143763918	81	5.900313802	3559.31018	39820.38886	0.9256569044
8099.243774	65309.14376	219.9717216	247.3417575	0.3847899082	-1312.707509	-3	0.05121706274	-9.092546855	82	5.969042128	3561.678166	39820.64677	0.9257100469
8077.365315	65309.09255	219.9717216	247.2616015	0.3846345749	-1312.282101	-3	0.05124795126	-9.041298904	83	6.037748172	3564.043354	39820.90435	0.9257631323
8055.493947	65309.0413	219.9717216	247.1815074	0.3844793749	-1311.85702	-3	0.05127879789	-8.990020106	84	6.10643195	3566.405748	39821.16161	0.9258161605
8033.629663	65308.99002	219.9717216	247.1014751	0.3843243081	-1311.432268	-3	0.0513096027	-8.938710503	85	6.17509348	3568.765354	39821.41853	0.9258691317
8011.772459	65308.93871	219.9717216	247.0215046	0.3841693743	-1311.007843	-3	0.05134036575	-8.887370137	86	6.243732778	3571.122175	39821.67512	0.9259220459
7989.922328	65308.88737	219.9717216	246.9415956	0.3840145733	-1310.583746	-3	0.05137108712	-8.83599905	87	6.312349863	3573.476216	39821.93138	0.9259749032
7968.079266	65308.836	219.9717216	246.8617482	0.3838599049	-1310.159975	-3	0.05140176688	-8.784597283	88	6.380944751	3575.827481	39822.18731	0.9260277036
7946.243266	65308.7846	219.9717216	246.7819624	0.383705369	-1309.73653	-3	0.05143240511	-8.733164878	89	6.449517459	3578.175974	39822.44291	0.9260804473
7924.414324	65308.73316	219.9717216	246.7022379	0.3835509654	-1309.313412	-3	0.05146300187	-8.681701877	90	6.518068004	3580.5217	39822.69819	0.9261331344
7902.592434	65308.6817	219.9717216	246.6225748	0.3833966939	-1308.890619	-3	0.05149355723	-8.630208319	91	6.586596403	3582.864664	39822.95313	0.9261857648
7880.77759	65308.63021	219.9717216	246.542973	0.3832425544	-1308.468151	-3	0.05152407127	-8.578684248	92	6.655102674	3585.204868	39823.20775	0.9262383388
7858.969788	65308.57868	219.9717216	246.4634324	0.3830885467	-1308.046008	-3	0.05155454406	-8.527129704	93	6.723586833	3587.542319	39823.46204	0.9262908563
7837.169021	65308.52713	219.9717216	246.3839529	0.3829346706	-1307.624189	-3	0.05158497567	-8.475544728	94	6.792048898	3589.877019	39823.71601	0.9263433175
7815.375284	65308.47554	219.9717216	246.3045344	0.3827809259	-1307.202695	-3	0.05161536617	-8.423929362	95	6.860488885	3592.208974	39823.96965	0.9263957224
7793.588573	65308.42393	219.9717216	246.225177	0.3826273125	-1306.781524	-3	0.05164571562	-8.372283646	96	6.928906811	3594.538188	39824.22296	0.926448071
7771.808881	65308.37228	219.9717216	246.1458805	0.3824738302	-1306.360677	-3	0.05167602411	-8.320607622	97	6.997302693	3596.864664	39824.47595	0.9265003636
7750.036203	65308.32061	219.9717216	246.0666448	0.3823204788	-1305.940152	-3	0.0517062917	-8.268901331	98	7.065676549	3599.188408	39824.72862	0.9265526001
7728.270533	65308.2689	219.9717216	245.9874699	0.3821672583	-1305.51995	-3	0.05173651846	-8.217164812	99	7.134028395	3601.509423	39824.98096	0.9266047807
7706.511868	65308.21716	219.9717216	245.9083556	0.3820141683	-1305.10007	-3	0.05176670446	-8.165398108	100	7.202358247	3603.827714	39825.23298	0.9266569054
7684.7602	65308.1654	219.9717216	245.829302	0.3818612088	-1304.680512	-3	0.05179684977	-8.113601258	101	7.270666124	3606.143285	39825.48467	0.9267089743
7663.015525	65308.1136	219.9717216	245.750309	0.3817083795	-1304.261275	-3	0.05182695447	-8.061774304	102	7.338952041	3608.45614	39825.73604	0.9267609874
7641.277837	65308.06177	219.9717216	245.6713764	0.3815556804	-1303.84236	-3	0.05185701861	-8.009917285	103	7.407216016	3610.766284	39825.98709	0.9268129449
7619.547131	65308.00992	219.9717216	245.5925043	0.3814031112	-1303.423765	-3	0.05188704227	-7.958030243	104	7.475458065	3613.07372	39826.23782	0.9268648468
7597.823401	65307.95803	219.9717216	245.5136925	0.3812506717	-1303.00549	-3	0.05191702552	-7.906113217	105	7.543678205	3615.378453	39826.48823	0.9269166932
7576.106643	65307.90611	219.9717216	245.434941	0.3810983619	-1302.587535	-3	0.05194696843	-7.854166249	106	7.611876453	3617.680487	39826.73831	0.9269684842
7554.396851	65307.85417	219.9717216	245.3562496	0.3809461815	-1302.169899	-3	0.05197687107	-7.802189378	107	7.680052825	3619.979827	39826.98808	0.9270202198
7532.694019	65307.80219	219.9717216	245.2776184	0.3807941304	-1301.752583	-3	0.05200673351	-7.750182644	108	7.748207339	3622.276476	39827.23753	0.9270719002
7510.998143	65307.75018	219.9717216	245.1990473	0.3806422084	-1301.335585	-3	0.05203655581	-7.698146088	109	7.816340011	3624.570439	39827.48665	0.9271235253
7489.309216	65307.69815	219.9717216	245.1205361	0.3804904153	-1300.918906	-3	0.05206633804	-7.64607975	110	7.884450857	3626.86172	39827.73546	0.9271750954
7467.627235	65307.64608	219.9717216	245.0420848	0.3803387511	-1300.502544	-3	0.05209608028	-7.59398367	111	7.952539895	3629.150322	39827.98395	0.9272266104
7445.952192	65307.59398	219.9717216	244.9636934	0.3801872154	-1300.0865	-3	0.05212578258	-7.541857887	112	8.020607141	3631.436251	39828.23212	0.9272780704
7424.284084	65307.54186	219.9717216	244.8853618	0.3800358082	-1299.670774	-3	0.05215544503	-7.489702442	113	8.088652611	3633.71951	39828.47998	0.9273294756
7402.622904	65307.4897	219.9717216	244.8070898	0.3798845293	-1299.255364	-3	0.05218506768	-7.437517375	114	8.156676323	3636.000104	39828.72751	0.9273808259
7380.968648	65307.43752	219.9717216	244.7288775	0.3797333785	-1298.840271	-3	0.0522146506	-7.385302724	115	8.224678292	3638.278037	39828.97473	0.9274321215
7359.32131	65307.3853	219.9717216	244.6507248	0.3795823556	-1298.425494	-3	0.05224419387	-7.33305853	116	8.292658536	3640.553312	39829.22164	0.9274833624
7337.680885	65307.33306	219.9717216	244.5726315	0.3794314606	-1298.011033	-3	0.05227369755	-7.280784833	117	8.360617071	3642.825934	39829.46823	0.9275345487
7316.047368	65307.28078	219.9717216	244.4945977	0.3792806932	-1297.596887	-3	0.0523031617	-7.228481671	118	8.428553913	3645.095907	39829.7145	0.9275856806
7294.420753	65307.22848	219.9717216	244.4166232	0.3791300533	-1297.183056	-3	0.0523325864	-7.176149085	119	8.496469079	3647.363235	39829.96046	0.927636758
7272.801036	65307.17615	219.9717216	244.338708	0.3789795407	-1296.769539	-3	0.05236197171	-7.123787113	120	8.564362585	3649.627923	39830.2061	0.927687781
7251.18821	65307.12379	219.9717216	244.2608521	0.3788291552	-1296.356337	-3	0.0523913177	-7.071395795	121	8.632234449	3651.889973	39830.45143	0.9277387497
7229.582271	65307.0714	219.9717216	244.1830552	0.3786788968	-1295.943449	-3	0.05242062444	-7.018975171	122	8.700084685	3654.149391	39830.69645	0.9277896643
7207.983214	65307.01898	219.9717216	244.1053175	0.3785287651	-1295.530874	-3	0.05244989199	-6.966525279	123	8.767913312	3656.406181	39830.94115	0.9278405246
7186.391033	65306.96653	219.9717216	244.0276387	0.3783787601	-1295.118613	-3	0.05247912042	-6.914046158	124	8.835720345	3658.660346	39831.18554	0.927891331
7164.805722	65306.91405	219.9717216	243.9500189	0.3782288817	-1294.706664	-3	0.05250830979	-6.861537849	125	8.9035058	3660.911891	39831.42962	0.9279420833
7143.227278	65306.86154	219.9717216	243.8724579	0.3780791295	-1294.295028	-3	0.05253746018	-6.809000388	126	8.971269694	3663.160819	39831.67339	0.9279927817
7121.655694	65306.809	219.9717216	243.7949558	0.3779295036	-1293.883704	-3	0.05256657164	-6.756433817	127	9.039012043	3665.407135	39831.91685	0.9280434263
7100.090966	65306.75643	219.9717216	243.7175124	0.3777800037	-1293.472691	-3	0.05259564425	-6.703838172	128	9.106732864	3667.650843	39832.16	0.9280940171
7078.533088	65306.70384	219.9717216	243.6401276	0.3776306296	-1293.06199	-3	0.05262467807	-6.651213494	129	9.174432173	3669.891946	39832.40283	0.9281445542
7056.982054	65306.65121	219.9717216	243.5628014	0.3774813813	-1292.6516	-3	0.05265367317	-6.598559821	130	9.242109987	3672.130449	39832.64536	0.9281950377
7035.437861	65306.59856	219.9717216	243.4855338	0.3773322585	-1292.24152	-3	0.05268262961	-6.545877192	131	9.30976632	3674.366356	39832.88757	0.9282454676
7013.900502	65306.54588	219.9717216	243.4083246	0.3771832611	-1291.83175	-3	0.05271154746	-6.493165644	132	9.377401191	3676.599671	39833.12948	0.9282958441
6992.369973	65306.49317	219.9717216	243.3311738	0.3770343889	-1291.422291	-3	0.05274042677	-6.440425217	133	9.445014614	3678.830398	39833.37108	0.9283461672
6970.846268	65306.44043	219.9717216	243.2540813	0.3768856418	-1291.013141	-3	0.05276926763	-6.38765595	134	9.512606607	3681.05854	39833.61237	0.9283964369
6949.329383	65306.38766	219.9717216	243.177047	0.3767370196	-1290.6043	-3	0.05279807009	-6.33485788	135	9.580177185	3683.284102	39833.85336	0.9284466534
6927.819311	65306.33486	219.9717216	243.100071	0.3765885222	-1290.195768	-3	0.05282683422	-6.282031045	136	9.647726365	3685.507088	39834.09403	0.9284968167
6906.316048	65306.28203	219.9717216	243.023153	0.3764401493	-1289.787544	-3	0.05285556008	-6.229175485	137	9.715254162	3687.727502	39834.3344	0.9285469269
6884.819589	65306.22918	219.9717216	242.9462931	0.3762919009	-1289.379628	-3	0.05288424775	-6.176291238	138	9.782760594	3689.945347	39834.57447	0.9285969841
6863.329929	65306.17629	219.9717216	242.8694912	0.3761437768	-1288.972021	-3	0.05291289727	-6.12337834	139	9.850245675	3692.160628	39834.81423	0.9286469883
6841.847062	65306.12338	219.9717216	242.7927472	0.3759957768	-1288.56472	-3	0.05294150872	-6.070436832	140	9.917709423	3694.373348	39835.05368	0.9286969396
6820.370983	65306.07044	219.9717216	242.716061	0.3758479008	-1288.157726	-3	0.05297008216	-6.017466749	141	9.985151852	3696.583512	39835.29283	0.9287468381
6798.901688	65306.01747	219.9717216	242.6394326	0.3757001486	-1287.751039	-3	0.05299861766	-5.964468132	142	10.05257298	3698.791124	39835.53167	0.9287966839
6777.43917	65305.96447	219.9717216	242.5628619	0.3755525201	-1287.344659	-3	0.05302711528	-5.911441016	143	10.11997282	3700.996186	39835.77021	0.928846477
6755.983426	65305.91144	219.9717216	242.4863489	0.375405015	-1286.938584	-3	0.05305557508	-5.858385441	144	10.1873514	3703.198704	39836.00845	0.9288962175
6734.53445	65305.85839	219.9717216	242.4098934	0.3752576333	-1286.532815	-3	-0.230694876	-6.089080317	145	10.25470871	-16103.092	39836.24638	0.6
6713.092236	65306.08908	219.3629797	241.6676688	0.3740797352	-1282.593634	-3	-0.2313064668	-6.320386784	146	10.3220448	-16154.93216	39784.60383	0.6
6691.715675	65306.32039	218.7540964	240.9259027	0.3729028193	-1278.656887	-3	-0.2319024594	-6.552289244	147	10.3891747	-16205.7354	39733.99872	0.6
6670.404727	65306.55229	218.1450719	240.1845935	0.3717268819	-1274.722565	-3	-0.2324827518	-6.784771995	148	10.45609857	-16255.4928	39684.43996	0.6
6649.159351	65306.78477	217.5359062	239.4437395	0.3705519194	-1270.790659	-3	-0.2330472407	-7.017819236	149	10.52281651	-16304.1953	39635.93659	0.6
6627.979507	65307.01782	216.9265997	238.7033393	0.3693779282	-1266.861161	-3	-0.2335958212	-7.251415057	150	10.58932866	-16351.83376	39588.49776	0.6
6606.865154	65307.25142	216.3171525	237.9633913	0.3682049048	-1262.934063	-3	-0.234128387	-7.485543444	151	10.65563514	-16398.39888	39542.13273	0.6
6585.816253	65307.48554	215.7075649	237.2238938	0.3670328455	-1259.009356	-3	-0.2346448304	-7.720188275	152	10.72173608	-16443.88126	39496.8509	0.6
6564.832764	65307.72019	215.0978371	236.4848454	0.3658617468	-1255.087033	-3	-0.235145042	-7.955333317	153	10.78763161	-16488.27136	39452.66179	0.6
6543.914647	65307.95533	214.4879692	235.7462444	0.3646916051	-1251.167083	-3	-0.2356289109	-8.190962228	154	10.85332184	-16531.55952	39409.57505	0.6
6523.061862	65308.19096	213.8779615	235.0080892	0.3635224168	-1247.249501	-3	-0.2360963248	-8.427058552	155	10.91880691	-16573.73595	39367.60045	0.6
6502.27437	65308.42706	213.2678143	234.2703784	0.3623541784	-1243.334276	-3	-0.2365471696	-8.663605722	156	10.98408694	-16614.79073	39326.74791	0.6
6481.552132	65308.66361	212.6575276	233.5331102	0.3611868864	-1239.421401	-3	-0.2369813296	-8.900587052	157	11.04916204	-16654.71379	39287.02747	0.6
6460.895109	65308.90059	212.0471019	232.7962833	0.3600205372	-1235.510867	-3	-0.2373986874	-9.137985739	158	11.11403235	-16693.49495	39248.4493	0.6
6440.303261	65309.13799	211.4365371	232.059896	0.3588551272	-1231.602667	-3	-0.2377991241	-9.375784863	159	11.17869799	-16731.12386	39211.02375	0.6
6419.77655	65309.37578	210.8258337	231.3239467	0.357690653	-1227.696791	-3	-0.2381825188	-9.613967382	160	11.24315907	-16767.59004	39174.76125	0.6
6399.314937	65309.61397	210.2149918	230.5884339	0.3565271111	-1223.793232	-3	-0.238548749	-9.852516131	161	11.30741572	-16802.88288	39139.67244	0.6
6378.918383	65309.85252	209.6040117	229.8533561	0.3553644978	-1219.891981	-3	-0.2388976905	-10.09141382	162	11.37146806	-16836.9916	39105.76805	0.6
6358.58685	65310.09141	208.9928935	229.1187116	0.3542028098	-1215.993031	-3	-0.2392292171	-10.33064304	163	11.43531622	-16869.90528	39073.059	0.6
6338.3203	65310.33064	208.3816375	228.384499	0.3530420435	-1212.096372	-3	-0.2395432009	-10.57018624	164	11.4989603	-16901.61285	39041.55636	0.6
6318.118693	65310.57019	207.770244	227.6507167	0.3518821954	-1208.201997	-3	-0.2398395119	-10.81002575	165	11.56240044	-16932.10307	39011.27132	0.6
6297.981993	65310.81003	207.1587131	226.9173632	0.3507232621	-1204.309898	-3	-0.2401180183	-11.05014377	166	11.62563675	-16961.36456	38982.21527	0.6
6277.910162	65311.05014	206.5470451	226.1844369	0.34956524	-1200.420066	-3	-0.2403785865	-11.29052236	167	11.68866935	-16989.38576	38954.39975	0.6
6257.903161	65311.29052	205.9352403	225.4519363	0.3484081257	-1196.532493	-3	-0.2406210805	-11.53114344	168	11.75149836	-17016.15496	38927.83645	0.6
6237.960952	65311.53114	205.3232988	224.7198598	0.3472519158	-1192.647171	-3	-0.2408453628	-11.7719888	169	11.8141239	-17041.66028	38902.53724	0.6
6218.0835	65311.77199	204.7112209	223.9882059	0.3460966068	-1188.764092	-3	-0.2410512933	-12.01304009	170	11.87654608	-17065.88965	38878.51417	0.6
6198.270765	65312.01304	204.0990069	223.256973	0.3449421952	-1184.883248	-3	-0.2412387302	-12.25427882	171	11.93876503	-17088.83086	38855.77944	0.6
6178.522711	65312.25428	203.486657	222.5261597	0.3437886776	-1181.004631	-3	0.2143374595	-12.03994136	172	12.00078086	5890.15397	61834.97091	0.6
6158.8393	65312.03994	202.8741714	221.7957645	0.3426360505	-1177.128232	-3	0.2144080645	-11.8255333	173	12.06259368	5771.757435	61716.39078	0.6
6139.220496	65311.82553	202.2615504	221.0657857	0.3414843106	-1173.254043	-3	0.2144784377	-11.61105486	174	12.12420361	5655.176689	61599.62638	0.6
6119.666262	65311.61105	201.6487942	220.3362218	0.3403334543	-1169.382057	-3	0.2145485793	-11.39650628	175	12.18561078	5540.42744	61484.69341	0.6
6100.176561	65311.39651	201.035903	219.6070715	0.3391834784	-1165.512264	-3	0.2146184894	-11.18188779	176	12.24681528	5427.525621	61371.60781	0.6
6080.751357	65311.18189	200.4228772	218.878333	0.3380343793	-1161.644658	-3	0.2146881682	-10.96719962	177	12.30781725	5316.487392	61260.38575	0.6
6061.390612	65310.9672	199.809717	218.1500049	0.3368861538	-1157.779231	-3	0.2147576157	-10.75244201	178	12.36861678	5207.329147	61151.04361	0.6
6042.094292	65310.75244	199.1964226	217.4220857	0.3357387983	-1153.915973	-3	0.2148268322	-10.53761518	179	12.42921401	5100.067518	61043.59802	0.6
6022.862359	65310.53762	198.5829943	216.6945739	0.3345923095	-1150.054877	-3	0.2148958177	-10.32271936	180	12.48960903	4994.719378	60938.06587	0.6
6003.694778	65310.32272	197.9694323	215.967468	0.333446684	-1146.195935	-3	0.2149645724	-10.10775479	181	12.54980197	4891.301847	60834.46426	0.6
5984.591512	65310.10775	197.3557368	215.2407664	0.3323019184	-1142.339139	-3	0.2150330963	-9.89272169	182	12.60979293	4789.832297	60732.81058	0.6
5965.552527	65309.89272	196.7419083	214.5144676	0.3311580094	-1138.484482	-3	0.2151013897	-9.6776203	183	12.66958203	4690.328355	60633.12245	0.6
5946.577785	65309.67762	196.1279468	213.7885702	0.3300149537	-1134.631954	-3	0.2151694527	-9.462450848	184	12.72916938	4592.807912	60535.41775	0.6
5927.667253	65309.46245	195.5138527	213.0630727	0.3288727477	-1130.781548	-3	0.2152372853	-9.247213562	185	12.7885551	4497.289125	60439.71466	0.6
5908.820894	65309.24721	194.8996262	212.3379734	0.3277313883	-1126.933257	-3	0.2153048877	-9.031908675	186	12.84773929	4403.79042	60346.03158	0.6
5890.038673	65309.03191	194.2852676	211.613271	0.326590872	-1123.087071	-3	0.2153722601	-8.816536414	187	12.90672206	4312.330505	60254.38724	0.6
5871.320555	65308.81654	193.6707772	210.888964	0.3254511955	-1119.242984	-3	0.2154394025	-8.601097012	188	12.96550352	4222.928369	60164.80063	0.6
5852.666505	65308.6011	193.0561552	210.1650508	0.3243123555	-1115.400987	-3	0.2155063152	-8.385590697	189	13.02408379	4135.603288	60077.291	0.6
5834.076489	65308.38559	192.4414019	209.4415299	0.3231743487	-1111.561072	-3	0.2155729981	-8.170017699	190	13.08246297	4050.374834	59991.87795	0.6
5815.550471	65308.17002	191.8265175	208.7183999	0.3220371717	-1107.723232	-3	0.2156394515	-7.954378247	191	13.14064117	3967.262879	59908.58134	0.6
5797.088417	65307.95438	191.2115024	207.9956593	0.3209008212	-1103.887458	-3	0.2157056754	-7.738672572	192	13.1986185	3886.287601	59827.42136	0.6
5778.690293	65307.73867	190.5963567	207.2733066	0.3197652939	-1100.053743	-3	0.21577167	-7.522900902	193	13.25639508	3807.469491	59748.41848	0.6
5760.356063	65307.5229	189.9810809	206.5513403	0.3186305866	-1096.222079	-3	0.2158374354	-7.307063466	194	13.313971	3730.829358	59671.59352	0.6
5742.085695	65307.30706	189.3656751	205.8297589	0.3174966959	-1092.392457	-3	0.2159029717	-7.091160495	195	13.37134637	3656.388337	59596.96762	0.6
5723.879155	65307.09116	188.7501396	205.108561	0.3163636185	-1088.564871	-3	0.3356179757	-6.755542519	196	13.4285213	24113.33574	59524.56224	0.9478416854
5705.736407	65306.75554	188.7501396	205.0535963	0.3162583071	-1088.273159	-3	0.3356216786	-6.41992084	197	13.4854959	24114.64281	59524.49477	0.9478736076
5687.598521	65306.41992	188.7501396	204.9986671	0.3161530709	-1087.981635	-3	0.33562537	-6.08429547	198	13.54245523	24115.94851	59524.42713	0.9479054997
5669.465493	65306.0843	188.7501396	204.9437734	0.3160479099	-1087.6903	-3	0.33562905	-5.74866642	199	13.59939931	24117.25283	59524.35933	0.9479373619
5651.337322	65305.74867	188.7501396	204.8889151	0.3159428239	-1087.399152	-3	0.3356327187	-5.413033702	200	13.65632813	24118.55577	59524.29136	0.9479691942
5633.214003	65305.41303	188.7501396	204.8340921	0.315837813	-1087.108193	-3	0.3356363761	-5.077397326	201	13.71324172	24119.85734	59524.22323	0.9480009966
5615.095533	65305.0774	188.7501396	204.7793045	0.3157328769	-1086.81742	-3	0.3356400222	-4.741757303	202	13.77014008	24121.15754	59524.15492	0.9480327691
5596.981909	65304.74176	188.7501396	204.7245522	0.3156280157	-1086.526836	-3	0.3356436569	-4.406113646	203	13.82702322	24122.45637	59524.08646	0.9480645118
5578.873128	65304.40611	188.7501396	204.6698352	0.3155232292	-1086.236438	-3	0.3356472804	-4.070466366	204	13.88389115	24123.75384	59524.01783	0.9480962248
5560.769188	65304.07047	188.7501396	204.6151534	0.3154185174	-1085.946228	-3	0.3356508927	-3.734815473	205	13.94074388	24125.04994	59523.94903	0.948127908
5542.670084	65303.73482	188.7501396	204.5605069	0.3153138801	-1085.656204	-3	0.3356544937	-3.39916098	206	13.99758143	24126.34468	59523.88007	0.9481595615
5524.575814	65303.39916	188.7501396	204.5058955	0.3152093174	-1085.366367	-3	0.3356580835	-3.063502896	207	14.05440379	24127.63805	59523.81094	0.9481911853
5506.486374	65303.0635	188.7501396	204.4513192	0.315104829	-1085.076716	-3	0.3356616621	-2.727841234	208	14.11121098	24128.93007	59523.74165	0.9482227795
5488.401763	65302.72784	188.7501396	204.396778	0.3150004151	-1084.787252	-3	0.3356652295	-2.392176005	209	14.16800301	24130.22073	59523.67219	0.9482543441
5470.321975	65302.39218	188.7501396	204.3422719	0.3148960754	-1084.497974	-3	0.3356687858	-2.056507219	210	14.2247799	24131.51003	59523.60257	0.9482858791
5452.247009	65302.05651	188.7501396	204.2878008	0.3147918098	-1084.208881	-3	0.3356723309	-1.720834888	211	14.28154164	24132.79798	59523.53278	0.9483173847
5434.176861	65301.72083	188.7501396	204.2333646	0.3146876184	-1083.919974	-3	0.335675865	-1.385159023	212	14.33828825	24134.08457	59523.46283	0.9483488607
5416.111528	65301.38516	188.7501396	204.1789635	0.314583501	-1083.631253	-3	0.3356793879	-1.049479635	213	14.39501974	24135.36982	59523.39272	0.9483803073
5398.051007	65301.04948	188.7501396	204.1245972	0.3144794575	-1083.342717	-3	0.3356828998	-0.7137967354	214	14.45173612	24136.65371	59523.32245	0.9484117245
5379.995295	65300.7138	188.7501396	204.0702659	0.3143754879	-1083.054367	-3	0.3356864006	-0.3781103348	215	14.5084374	24137.93626	59523.25201	0.9484431123
5361.944389	65300.37811	188.7501396	204.0159694	0.3142715921	-1082.766201	-3	0.3356898904	-0.04242044445	216	14.56512358	24139.21747	59523.1814	0.9484744708
5343.898286	65300.04242	188.7501396	203.9617077	0.31416777	-1082.47822	-3	0.3356933692	0.2932729247	217	14.62179468	24140.49733	59523.11064	0.9485058
5325.856982	65299.70673	188.7501396	203.9074808	0.3140640215	-1082.190424	-3	0.3356968369	0.6289697616	218	14.67845071	24141.77585	59523.03971	0.9485370999
5307.820475	65299.37103	188.7501396	203.8532886	0.3139603465	-1081.902812	-3	0.3357002937	0.9646700554	219	14.73509168	24143.05303	59522.96862	0.9485683706
5289.788761	65299.03533	188.7501396	203.7991312	0.313856745	-1081.615384	-3	0.3357037396	1.300373795	220	14.79171759	24144.32887	59522.89737	0.9485996121
5271.761838	65298.69963	188.7501396	203.7450084	0.3137532169	-1081.32814	-3	0.3357071745	1.636080969	221	14.84832846	24145.60338	59522.82595	0.9486308244
5253.739703	65298.36392	188.7501396	203.6909203	0.3136497622	-1081.04108	-3	0.3357105985	1.971791568	222	14.9049243	24146.87655	59522.75438	0.9486620076
5235.722351	65298.02821	188.7501396	203.6368668	0.3135463806	-1080.754204	-3	0.3357140116	2.30750558	223	14.96150511	24148.14838	59522.68264	0.9486931618
5217.709781	65297.69249	188.7501396	203.5828478	0.3134430722	-1080.467511	-3	0.3357174138	2.643222993	224	15.01807091	24149.41889	59522.61074	0.9487242868
5199.701989	65297.35678	188.7501396	203.5288634	0.3133398369	-1080.181002	-3	0.3357208052	2.978943799	225	15.0746217	24150.68807	59522.53868	0.9487553829
5181.698973	65297.02106	188.7501396	203.4749135	0.3132366745	-1079.894675	-3	0.3357241857	3.314667984	226	15.13115749	24151.95592	59522.46646	0.94878645
5163.700728	65296.68533	188.7501396	203.420998	0.3131335851	-1079.608532	-3	0.3357275554	3.65039554	227	15.1876783	24153.22245	59522.39408	0.9488174881
5145.707253	65296.3496	188.7501396	203.367117	0.3130305685	-1079.322571	-3	0.3357309143	3.986126454	228	15.24418414	24154.48765	59522.32154	0.9488484974
5127.718543	65296.01387	188.7501396	203.3132704	0.3129276247	-1079.036793	-3	0.3357342624	4.321860716	229	15.300675	24155.75153	59522.24883	0.9488794778
5109.734596	65295.67814	188.7501396	203.2594582	0.3128247536	-1078.751198	-3	0.3357375998	4.657598316	230	15.35715091	24157.01409	59522.17597	0.9489104293
5091.75541	65295.3424	188.7501396	203.2056803	0.312721955	-1078.465784	-3	0.3357409264	4.993339243	231	15.41361187	24158.27533	59522.10295	0.948941352
5073.78098	65295.00666	188.7501396	203.1519367	0.312619229	-1078.180553	-3	0.3357442423	5.329083485	232	15.47005789	24159.53525	59522.02976	0.948972246
5055.811304	65294.67092	188.7501396	203.0982273	0.3125165755	-1077.895503	-3	0.3357475475	5.664831033	233	15.52648899	24160.79386	59521.95642	0.9490031112
5037.846379	65294.33517	188.7501396	203.0445522	0.3124139943	-1077.610635	-3	0.335750842	6.000581875	234	15.58290516	24162.05116	59521.88292	0.9490339478
5019.886202	65293.99942	188.7501396	202.9909113	0.3123114854	-1077.325949	-3	0.3357541259	6.336336	235	15.63930643	24163.30714	59521.80926	0.9490647557
5001.930769	65293.66366	188.7501396	202.9373045	0.3122090487	-1077.041444	-3	0.3357573991	6.672093399	236	15.69569279	24164.56182	59521.73544	0.949095535
4983.980079	65293.32791	188.7501396	202.8837319	0.3121066842	-1076.75712	-3	0.3357606616	7.007854061	237	15.75206426	24165.81518	59521.66146	0.9491262856
4966.034127	65292.99215	188.7501396	202.8301934	0.3120043917	-1076.472977	-3	0.3357639136	7.343617975	238	15.80842086	24167.06724	59521.58733	0.9491570078
4948.09291	65292.65638	188.7501396	202.7766889	0.3119021712	-1076.189015	-3	0.3357671549	7.67938513	239	15.86476258	24168.318	59521.51303	0.9491877014
4930.156427	65292.32061	188.7501396	202.7232184	0.3118000226	-1075.905233	-3	0.3357703857	8.015155515	240	15.92108943	24169.56745	59521.43858	0.9492183665
4912.224673	65291.98484	188.7501396	202.669782	0.3116979459	-1075.621632	-3	0.335773606	8.350929121	241	15.97740144	24170.8156	59521.36397	0.9492490032
4894.297646	65291.64907	188.7501396	202.6163795	0.3115959409	-1075.338211	-3	0.3357768157	8.686705937	242	16.0336986	24172.06246	59521.2892	0.9492796114
4876.375342	65291.31329	188.7501396	202.5630109	0.3114940076	-1075.054969	-3	0.3357800148	9.022485952	243	16.08998093	24173.30801	59521.21427	0.9493101913
4858.457759	65290.97751	188.7501396	202.5096762	0.3113921459	-1074.771908	-3	0.3357832035	9.358269155	244	16.14624843	24174.55227	59521.13919	0.9493407429
4840.544894	65290.64173	188.7501396	202.4563754	0.3112903557	-1074.489027	-3	0.3357863817	9.694055537	245	16.20250112	24175.79523	59521.06395	0.9493712661
4822.636744	65290.30594	188.7501396	202.4031084	0.311188637	-1074.206325	-3	0.3357895495	10.02984509	246	16.258739	24177.0369	59520.98855	0.9494017611
4804.733305	65289.97015	188.7501396	202.3498752	0.3110869896	-1073.923802	-3	0.3357927068	10.36563779	247	16.31496209	24178.27729	59520.91299	0.9494322278
4786.834575	65289.63436	188.7501396	202.2966757	0.3109854136	-1073.641459	-3	0.3357958537	10.70143365	248	16.37117039	24179.51638	59520.83728	0.9494626663
4768.940551	65289.29857	188.7501396	202.24351	0.3108839087	-1073.359294	-3	0.3357989901	11.03723264	249	16.42736391	24180.75418	59520.76141	0.9494930767
4751.051229	65288.96277	188.7501396	202.1903779	0.3107824751	-1073.077309	-3	0.3358021162	11.37303475	250	16.48354266	24181.9907	59520.68539	0.9495234589
4733.166607	65288.62697	188.7501396	202.1372796	0.3106811124	-1072.795502	-3	0.3358052319	11.70883999	251	16.53970665	24183.22594	59520.60921	0.949553813
4715.286682	65288.29116	188.7501396	202.0842148	0.3105798208	-1072.513873	-3	0.3358083373	12.04464832	252	16.5958559	24184.45989	59520.53287	0.949584139
4697.411451	65287.95535	188.7501396	202.0311836	0.3104786001	-1072.232423	-3	0.3358114323	12.38045975	253	16.6519904	24185.69256	59520.45638	0.949614437
4679.540911	65287.61954	188.7501396	201.978186	0.3103774503	-1071.951151	-3	0.3358145171	12.71627427	254	16.70811018	24186.92395	59520.37974	0.9496447071
4661.675058	65287.28373	188.7501396	201.9252219	0.3102763712	-1071.670056	-3	0.3358175915	13.05209186	255	16.76421523	24188.15407	59520.30294	0.9496749491
4643.813891	65286.94791	188.7501396	201.8722913	0.3101753628	-1071.38914	-3	0.3358206556	13.38791252	256	16.82030557	24189.38291	59520.22598	0.9497051632
4625.957405	65286.61209	188.7501396	201.8193942	0.310074425	-1071.108401	-3	0.3358237095	13.72373623	257	16.8763812	24190.61047	59520.14887	0.9497353495
4608.105598	65286.27626	188.7501396	201.7665305	0.3099735578	-1070.827839	-3	0.3358267532	14.05956298	258	16.93244215	24191.83677	59520.0716	0.9497655078
4590.258468	65285.94044	188.7501396	201.7137001	0.3098727611	-1070.547455	-3	0.3358297866	14.39539277	259	16.9884884	24193.06179	59519.99418	0.9497956384
4572.41601	65285.60461	188.7501396	201.6609032	0.3097720347	-1070.267247	-3	0.3358328098	14.73122558	260	17.04451999	24194.28554	59519.91661	0.9498257411
4554.578223	65285.26877	188.7501396	201.6081395	0.3096713787	-1069.987217	-3	0.3358358229	15.0670614	261	17.10053691	24195.50803	59519.83888	0.9498558161
4536.745102	65284.93294	188.7501396	201.5554092	0.3095707929	-1069.707363	-3	0.3358388257	15.40290023	262	17.15653917	24196.72925	59519.761	0.9498858634
4518.916646	65284.5971	188.7501396	201.5027121	0.3094702773	-1069.427686	-3	0.3358418185	15.73874205	263	17.21252678	24197.94921	59519.68296	0.9499158829
4501.092851	65284.26126	188.7501396	201.4500483	0.3093698318	-1069.148185	-3	0.335844801	16.07458685	264	17.26849976	24199.16791	59519.60477	0.9499458748
4483.273715	65283.92541	188.7501396	201.3974176	0.3092694563	-1068.86886	-3	0.3358477735	16.41043462	265	17.3244581	24200.38534	59519.52643	0.9499758391
4465.459234	65283.58957	188.7501396	201.3448201	0.3091691507	-1068.589712	-3	0.3358507359	16.74628536	266	17.38040183	24201.60152	59519.44793	0.9500057758
4447.649405	65283.25371	188.7501396	201.2922557	0.3090689151	-1068.310739	-3	0.3358536882	17.08213904	267	17.43633095	24202.81644	59519.36929	0.9500356849
4429.844226	65282.91786	188.7501396	201.2397245	0.3089687492	-1068.031942	-3	0.3358566304	17.41799567	268	17.49224546	24204.0301	59519.29048	0.9500655666
4412.043694	65282.582	188.7501396	201.1872262	0.3088686531	-1067.75332	-3	0.3358595626	17.75385524	269	17.54814538	24205.24251	59519.21153	0.9500954207
4394.247805	65282.24614	188.7501396	201.1347611	0.3087686266	-1067.474873	-3	0.3358624848	18.08971772	270	17.60403073	24206.45367	59519.13243	0.9501252473
4376.456558	65281.91028	188.7501396	201.0823289	0.3086686697	-1067.196602	-3	0.3358653969	18.42558312	271	17.65990149	24207.66357	59519.05317	0.9501550466
4358.669948	65281.57442	188.7501396	201.0299297	0.3085687823	-1066.918506	-3	0.3358682991	18.76145142	272	17.71575769	24208.87223	59518.97376	0.9501848184
4340.887972	65281.23855	188.7501396	200.9775634	0.3084689643	-1066.640584	-3	0.3358711913	19.09732261	273	17.77159934	24210.07964	59518.8942	0.9502145629
4323.110629	65280.90268	188.7501396	200.92523	0.3083692157	-1066.362837	-3	0.3358740735	19.43319668	274	17.82742644	24211.2858	59518.81448	0.9502442801
4305.337915	65280.5668	188.7501396	200.8729295	0.3082695364	-1066.085265	-3	0.3358769458	19.76907363	275	17.88323901	24212.49072	59518.73462	0.95027397
4287.569828	65280.23093	188.7501396	200.8206619	0.3081699263	-1065.807867	-3	0.3358798082	20.10495344	276	17.93903704	24213.6944	59518.6546	0.9503036326
4269.806363	65279.89505	188.7501396	200.768427	0.3080703854	-1065.530643	-3	0.3358826606	20.4408361	277	17.99482056	24214.89684	59518.57444	0.950333268
4252.047519	65279.55916	188.7501396	200.7162249	0.3079709135	-1065.253593	-3	0.3358855032	20.7767216	278	18.05058957	24216.09804	59518.49412	0.9503628762
4234.293293	65279.22328	188.7501396	200.6640556	0.3078715106	-1064.976716	-3	0.3358883359	21.11260994	279	18.10634407	24217.298	59518.41365	0.9503924573
4216.543681	65278.88739	188.7501396	200.611919	0.3077721767	-1064.700013	-3	0.3358911588	21.44850109	280	18.16208409	24218.49672	59518.33304	0.9504220112
4198.79868	65278.5515	188.7501396	200.559815	0.3076729116	-1064.423484	-3	0.3358939718	21.78439507	281	18.21780962	24219.69421	59518.25227	0.9504515381
4181.058289	65278.2156	188.7501396	200.5077437	0.3075737152	-1064.147128	-3	0.3358967751	22.12029184	282	18.27352068	24220.89047	59518.17135	0.9504810378
4163.322504	65277.87971	188.7501396	200.455705	0.3074745876	-1063.870945	-3	0.3358995685	22.45619141	283	18.32921728	24222.08549	59518.09028	0.9505105106
4145.591321	65277.54381	188.7501396	200.4036989	0.3073755286	-1063.594935	-3	0.3359023521	22.79209376	284	18.38489942	24223.27929	59518.00907	0.9505399564
4127.864739	65277.20791	188.7501396	200.3517254	0.3072765382	-1063.319098	-3	0.335905126	23.12799889	285	18.44056711	24224.47186	59517.9277	0.9505693752
4110.142754	65276.872	188.7501396	200.2997843	0.3071776163	-1063.043433	-3	0.3359078901	23.46390678	286	18.49622037	24225.6632	59517.84618	0.950598767
4092.425363	65276.53609	188.7501396	200.2478758	0.3070787627	-1062.767941	-3	0.3359106445	23.79981742	287	18.5518592	24226.85332	59517.76452	0.950628132
4074.712564	65276.20018	188.7501396	200.1959997	0.3069799776	-1062.492621	-3	0.3359133892	24.13573081	288	18.60748361	24228.04221	59517.6827	0.9506574701
4057.004354	65275.86427	188.7501396	200.144156	0.3068812607	-1062.217473	-3	0.3359161242	24.47164694	289	18.66309361	24229.22989	59517.60074	0.9506867814
4039.30073	65275.52835	188.7501396	200.0923447	0.306782612	-1061.942497	-3	0.3359188495	24.80756579	290	18.71868921	24230.41634	59517.51863	0.9507160659
4021.601688	65275.19243	188.7501396	200.0405658	0.3066840314	-1061.667692	-3	0.3359215651	25.14348735	291	18.77427041	24231.60157	59517.43637	0.9507453236
4003.907226	65274.85651	188.7501396	199.9888192	0.306585519	-1061.393059	-3	0.3359242711	25.47941162	292	18.82983724	24232.78559	59517.35396	0.9507745546
3986.217342	65274.52059	188.7501396	199.9371049	0.3064870745	-1061.118598	-3	0.3359269675	25.81533859	293	18.88538969	24233.96839	59517.27141	0.9508037589
3968.532032	65274.18466	188.7501396	199.8854228	0.3063886979	-1060.844308	-3	0.3359296543	26.15126824	294	18.94092777	24235.14998	59517.1887	0.9508329365
3950.851294	65273.84873	188.7501396	199.833773	0.3062903891	-1060.570189	-3	0.3359323315	26.48720058	295	18.9964515	24236.33036	59517.10585	0.9508620875
3933.175124	65273.5128	188.7501396	199.7821554	0.3061921482	-1060.296241	-3	0.335934999	26.82313557	296	19.05196088	24237.50953	59517.02286	0.9508912119
3915.50352	65273.17686	188.7501396	199.73057	0.3060939749	-1060.022463	-3	0.3359376571	27.15907323	297	19.10745593	24238.68748	59516.93971	0.9509203097
3897.836479	65272.84093	188.7501396	199.6790167	0.3059958693	-1059.748857	-3	0.3359403056	27.49501354	298	19.16293664	24239.86424	59516.85642	0.950949381
3880.173998	65272.50499	188.7501396	199.6274955	0.3058978312	-1059.47542	-3	0.3359429445	27.83095648	299	19.21840303	24241.03978	59516.77298	0.9509784257
3862.516074	65272.16904	188.7501396	199.5760064	0.3057998607	-1059.202154	-3	0.335945574	28.16690206	300	19.27385511	24242.21412	59516.68939	0.951007444
3844.862705	65271.8331	188.7501396	199.5245493	0.3057019575	-1058.929058	-3	0.3359481939	28.50285025	301	19.32929289	24243.38726	59516.60566	0.9510364359
3827.213887	65271.49715	188.7501396	199.4731243	0.3056041217	-1058.656132	-3	0.3359508044	28.83880105	302	19.38471638	24244.5592	59516.52178	0.9510654013
3809.569618	65271.1612	188.7501396	199.4217312	0.3055063532	-1058.383375	-3	0.3359534054	29.17475446	303	19.44012558	24245.72993	59516.43776	0.9510943404
3791.929895	65270.82525	188.7501396	199.3703701	0.3054086519	-1058.110788	-3	0.335955997	29.51071046	304	19.49552051	24246.89947	59516.35359	0.9511232531
3774.294716	65270.48929	188.7501396	199.3190409	0.3053110178	-1057.838371	-3	0.3359585792	29.84666904	305	19.55090117	24248.06782	59516.26927	0.9511521395
3756.664076	65270.15333	188.7501396	199.2677436	0.3052134507	-1057.566123	-3	0.3359611519	30.18263019	306	19.60626757	24249.23497	59516.18481	0.9511809996
3739.037974	65269.81737	188.7501396	199.2164782	0.3051159506	-1057.294044	-3	0.2230879621	30.40571815	307	19.66161972	3607.633639	59516.1002	0.6
3721.416407	65269.59428	188.1173311	198.4993872	0.3039987671	-1053.488254	-3	0.2231511712	30.62886932	308	19.71695763	3534.720263	59442.99573	0.6
3703.858269	65269.37113	187.4843862	197.7826598	0.3028823483	-1049.684394	-3	0.2232141528	30.85208347	309	19.77209635	3464.207753	59372.29208	0.6
3686.363529	65269.14792	186.8513051	197.0662945	0.3017666908	-1045.882456	-3	0.2232769069	31.07536038	310	19.82703597	3396.120452	59304.01358	0.6
3668.932155	65268.92464	186.2180881	196.3502899	0.3006517917	-1042.082432	-3	0.2233394337	31.29869981	311	19.88177661	3330.483104	59238.18498	0.6
3651.564114	65268.7013	185.5847356	195.6346446	0.2995376478	-1038.284314	-3	0.2234017334	31.52210155	312	19.93631836	3267.320864	59174.83143	0.6
3634.259376	65268.4779	184.951248	194.9193571	0.2984242559	-1034.488096	-3	0.223463806	31.74556535	313	19.99066132	3206.659308	59113.97851	0.6
3617.017908	65268.25443	184.3176254	194.204426	0.2973116129	-1030.69377	-3	0.2235256517	31.96909101	314	20.04480558	3148.524438	59055.65223	0.6
3599.839678	65268.03091	183.6838683	193.4898499	0.2961997157	-1026.901327	-3	0.2235872705	32.19267828	315	20.09875125	3092.942695	58999.87902	0.6
3582.724656	65267.80732	183.049977	192.7756273	0.2950885611	-1023.110761	-3	0.2236486625	32.41632694	316	20.15249844	3039.940965	58946.68577	0.6
3565.67281	65267.58367	182.4159517	192.0617569	0.2939781462	-1019.322063	-3	0.223709828	32.64003677	317	20.20604722	2989.546593	58896.09983	0.6
3548.684109	65267.35996	181.7817929	191.3482372	0.2928684677	-1015.535227	-3	0.223770767	32.86380753	318	20.25939771	2941.787389	58848.149	0.6
3531.758522	65267.13619	181.1475008	190.6350668	0.2917595225	-1011.750245	-3	0.2238314795	33.08763901	319	20.31255	2896.691639	58802.86157	0.6
3514.896018	65266.91236	180.5130758	189.9222442	0.2906513077	-1007.967109	-3	0.2238919658	33.31153098	320	20.36550418	2854.288117	58760.26632	0.6
3498.096566	65266.68847	179.8785182	189.2097681	0.28954382	-1004.185812	-3	0.223952226	33.5354832	321	20.41826036	2814.606093	58720.39252	0.6
3481.360136	65266.46452	179.2438284	188.4976371	0.2884370564	-1000.406346	-3	0.22401226	33.75949546	322	20.47081863	2777.675347	58683.26994	0.6
3464.686697	65266.2405	178.6090067	187.7858497	0.2873310138	-996.6287034	-3	0.2240720681	33.98356753	323	20.52317908	2743.526178	58648.92889	0.6
3448.076218	65266.01643	177.9740533	187.0744045	0.2862256891	-992.8528775	-3	0.2241316504	34.20769918	324	20.57534182	2712.189416	58617.40019	0.6
3431.52867	65265.7923	177.3389688	186.3633002	0.2851210794	-989.0788604	-3	0.2241910069	34.43189019	325	20.62730693	2683.696434	58588.71522	0.6
3415.044023	65265.56811	176.7037533	185.6525352	0.2840171814	-985.3066446	-3	0.2242501378	34.65614033	326	20.67907452	2658.079159	58562.90591	0.6
3398.622245	65265.34386	176.0684073	184.9421083	0.2829139922	-981.5362228	-3	0.2243090432	34.88044937	327	20.73064467	2635.370086	58540.00475	0.6
3382.263308	65265.11955	175.432931	184.232018	0.2818115087	-977.7675874	-3	0.2243677232	35.10481709	328	20.78201747	2615.602291	58520.04482	0.6
3365.967182	65264.89518	174.7973249	183.5222629	0.2807097279	-974.0007311	-3	0.2244261779	35.32924327	329	20.83319303	2598.80944	58503.05978	0.6
3349.733836	65264.67076	174.1615892	182.8128416	0.2796086466	-970.2356464	-3	0.2244844074	35.55372768	330	20.88417144	2585.02581	58489.08391	0.6
3333.563242	65264.44627	173.5257243	182.1037527	0.278508262	-966.4723259	-3	0.2245424118	35.77827009	331	20.93495278	2574.286293	58478.15211	0.6
3317.45537	65264.22173	172.8897306	181.3949948	0.2774085709	-962.7107622	-3	0.2246001912	36.00287028	332	20.98553716	2566.626419	58470.2999	0.6
3301.410191	65263.99713	172.2536084	180.6865666	0.2763095703	-958.950948	-3	0.2246577457	36.22752803	333	21.03592466	2562.082365	58465.56346	0.6
3285.427675	65263.77247	171.6173581	179.9784666	0.2752112573	-955.1928757	-3	0.2247150755	36.4522431	334	21.08611537	2560.690972	58463.97963	0.6
3269.507794	65263.54776	170.98098	179.2706934	0.2741136287	-951.4365381	-3	0.2247721805	36.67701528	335	21.13610939	2562.489758	58465.58593	0.6
3253.650518	65263.32298	170.3444744	178.5632457	0.2730166816	-947.6819278	-3	0.224829061	36.90184435	336	21.18590681	2567.516937	58470.42057	0.6
3237.855819	65263.09816	169.7078418	177.8561221	0.271920413	-943.9290374	-3	0.2248857171	37.12673006	337	21.23550771	2575.811434	58478.52249	0.6
3222.123668	65262.87327	169.0710824	177.1493211	0.2708248198	-940.1778596	-3	0.2249421488	37.35167221	338	21.28491219	2587.412898	58489.93132	0.6
3206.454037	65262.64833	168.4341966	176.4428415	0.2697298991	-936.4283871	-3	0.2249983562	37.57667057	339	21.33412033	2602.361725	58504.68747	0.6
3190.846898	65262.42333	167.7971849	175.7366818	0.2686356479	-932.6806124	-3	0.2250543395	37.80172491	340	21.38313223	2620.69907	58522.83208	0.6
3175.302221	65262.19828	167.1600475	175.0308406	0.2675420632	-928.9345284	-3	0.2251100987	38.02683501	341	21.43194798	2642.466868	58544.40711	0.6
3159.819979	65261.97316	166.5227848	174.3253166	0.266449142	-925.1901276	-3	0.2251656339	38.25200064	342	21.48056765	2667.70785	58569.45527	0.6
3144.400143	65261.748	165.8853972	173.6201084	0.2653568814	-921.4474029	-3	0.2252209453	38.47722158	343	21.52899135	2696.465565	58598.02011	0.6
3129.042687	65261.52278	165.247885	172.9152146	0.2642652783	-917.7063468	-3	0.225276033	38.70249762	344	21.57721916	2728.784397	58630.14602	0.6
3113.747581	65261.2975	164.6102486	172.2106338	0.2631743298	-913.9669521	-3	0.2253308969	38.92782851	345	21.62525116	2764.709584	58665.87824	0.6
3098.514798	65261.07217	163.9724884	171.5063647	0.262084033	-910.2292116	-3	0.2253855374	39.15321405	346	21.67308745	2804.287242	58705.26289	0.6
3083.344311	65260.84679	163.3346047	170.802406	0.2609943849	-906.4931179	-3	0.2254399544	39.37865401	347	21.72072811	2847.564383	58748.34697	0.6
3068.236093	65260.62135	162.6965979	170.0987561	0.2599053825	-902.7586638	-3	0.225494148	39.60414815	348	21.76817322	2894.588937	58795.17842	0.6
3053.190115	65260.39585	162.0584684	169.3954138	0.2588170228	-899.0258421	-3	0.2255481183	39.82969627	349	21.81542288	2945.409775	58845.8061	0.6
3038.206351	65260.1703	161.4202165	168.6923778	0.2577293031	-895.2946456	-3	0.2256018655	40.05529814	350	21.86247716	3000.076732	58900.27986	0.6
3023.284774	65259.9447	160.7818427	167.9896466	0.2566422202	-891.5650669	-3	0.2256553897	40.28095353	351	21.90933615	3058.64063	58958.65052	0.6
3008.425356	65259.71905	160.1433473	167.2872188	0.2555557713	-887.8370989	-3	0.2257086908	40.50666222	352	21.95599994	3121.153302	59020.9699	0.6
2993.628071	65259.49334	159.5047306	166.5850932	0.2544699535	-884.1107343	-3	0.2257617691	40.73242399	353	22.00246861	3187.667617	59087.29088	0.6
2978.892892	65259.26758	158.8659931	165.8832684	0.2533847637	-880.385966	-3	0.3294308544	41.06185484	354	22.04874225	24421.17924	59157.66738	0.9655454456
2964.219792	65258.93815	158.8659931	165.8476245	0.2533172732	-880.1967945	-3	0.3294264495	41.39128129	355	22.09482094	24421.55812	59157.24583	0.9655628209
2949.549846	65258.60872	158.8659931	165.8119992	0.2532498214	-880.0077219	-3	0.3294220433	41.72070334	356	22.14088972	24421.93655	59156.82436	0.9655801826
2934.88305	65258.2793	158.8659931	165.7763925	0.2531824085	-879.8187479	-3	0.3294176358	42.05012097	357	22.18694861	24422.31455	59156.40297	0.9655975307
2920.219405	65257.94988	158.8659931	165.7408044	0.2531150344	-879.6298726	-3	0.3294132271	42.3795342	358	22.23299761	24422.69211	59155.98166	0.9656148651
2905.558907	65257.62047	158.8659931	165.7052349	0.253047699	-879.4410958	-3	0.3294088172	42.70894302	359	22.27903672	24423.06923	59155.56043	0.965632186
2890.901555	65257.29106	158.8659931	165.669684	0.2529804024	-879.2524175	-3	0.3294044059	43.03834742	360	22.32506595	24423.44591	59155.13928	0.9656494932
2876.247348	65256.96165	158.8659931	165.6341515	0.2529131444	-879.0638376	-3	0.3293999934	43.36774741	361	22.37108531	24423.82216	59154.71822	0.9656667869
2861.596284	65256.63225	158.8659931	165.5986376	0.2528459251	-878.875356	-3	0.3293955797	43.69714299	362	22.41709479	24424.19796	59154.29723	0.9656840671
2846.948362	65256.30286	158.8659931	165.5631422	0.2527787444	-878.6869726	-3	0.3293911647	44.02653416	363	22.46309442	24424.57333	59153.87633	0.9657013336
2832.303579	65255.97347	158.8659931	165.5276653	0.2527116023	-878.4986873	-3	0.3293867485	44.35592091	364	22.50908418	24424.94826	59153.45551	0.9657185867
2817.661934	65255.64408	158.8659931	165.4922069	0.2526444987	-878.3105002	-3	0.329382331	44.68530324	365	22.55506409	24425.32276	59153.03476	0.9657358263
2803.023426	65255.3147	158.8659931	165.4567669	0.2525774336	-878.122411	-3	0.3293779123	45.01468115	366	22.60103414	24425.69681	59152.6141	0.9657530523
2788.388052	65254.98532	158.8659931	165.4213454	0.2525104071	-877.9344197	-3	0.3293734924	45.34405464	367	22.64699436	24426.07044	59152.19352	0.9657702649
2773.755812	65254.65595	158.8659931	165.3859423	0.2524434189	-877.7465262	-3	0.3293690712	45.67342371	368	22.69294473	24426.44363	59151.77301	0.9657874639
2759.126703	65254.32658	158.8659931	165.3505576	0.2523764692	-877.5587305	-3	0.3293646488	46.00278836	369	22.73888527	24426.81638	59151.35259	0.9658046496
2744.500724	65253.99721	158.8659931	165.3151914	0.2523095579	-877.3710324	-3	0.2266553961	46.22944376	370	22.78481598	3256.016834	59150.93225	0.6
2729.877874	65253.77056	158.2250245	164.6139613	0.2512264454	-873.6494209	-3	0.2267078487	46.45615161	371	22.83073687	3330.85316	59225.57443	0.6
2715.31705	65253.54385	157.583935	163.9130278	0.2501439514	-869.9293828	-3	0.2267600788	46.68291169	372	22.87646297	3409.884148	59304.41123	0.6
2700.818227	65253.31709	156.9427251	163.2123893	0.2490620729	-866.2109112	-3	0.2268120865	46.90972377	373	22.92199436	3493.167631	59387.50047	0.6
2686.381378	65253.09028	156.3013952	162.5120447	0.2479808071	-862.4939988	-3	0.2268638719	47.13658765	374	22.96733114	3580.762632	59474.90119	0.6
2672.006478	65252.86341	155.6599455	161.8119925	0.246900151	-858.7786385	-3	0.2269154351	47.36350308	375	23.01247337	3672.729387	59566.67362	0.6
2657.693501	65252.6365	155.0183765	161.1122315	0.2458201019	-855.0648231	-3	0.2269667762	47.59046986	376	23.05742115	3769.129385	59662.87925	0.6
2643.442421	65252.40953	154.3766887	160.4127601	0.2447406567	-851.3525456	-3	0.2270178952	47.81748775	377	23.10217455	3870.02539	59763.58084	0.6
2629.253212	65252.18251	153.7348823	159.7135773	0.2436618127	-847.6417988	-3	0.2270687923	48.04455654	378	23.14673365	3975.481481	59868.84247	0.6
2615.125848	65251.95544	153.0929578	159.0146814	0.2425835669	-843.9325756	-3	0.2271194676	48.27167601	379	23.19109853	4085.563082	59978.72957	0.6
2601.060305	65251.72832	152.4509156	158.3160714	0.2415059165	-840.2248689	-3	0.2271699211	48.49884593	380	23.23526927	4200.336999	60093.30894	0.6
2587.056558	65251.50115	151.808756	157.6177457	0.2404288587	-836.5186716	-3	0.2272201529	48.72606609	381	23.27924596	4319.871452	60212.64881	0.6
2573.11458	65251.27393	151.1664795	156.9197031	0.2393523905	-832.8139767	-3	0.311159187	49.03722527	382	23.32302867	23235.45513	79128.03786	0.6
2559.234347	65250.96277	150.5240865	156.2219422	0.2382765092	-829.110777	-3	0.3101792867	49.34740456	383	23.36661747	23175.48276	79067.79895	0.6
2545.415834	65250.6526	149.8815773	155.5244618	0.2372012118	-825.4090655	-3	0.3092736216	49.65667818	384	23.41001246	23120.98644	79013.03695	0.6
2531.659016	65250.34332	149.2389524	154.8272604	0.2361264955	-821.7088351	-3	0.3084430211	49.9651212	385	23.4532137	23072.03765	78963.82324	0.6
2517.963869	65250.03488	148.5962122	154.1303368	0.2350523575	-818.0100788	-3	0.5926004341	50.55772164	386	23.49622127	44352.74828	78920.23074	0.9701288739
2504.330368	65249.44228	148.5962122	154.0995802	0.2349942452	-817.8468457	-3	0.5925878398	51.15030948	387	23.53903525	44352.92178	78919.58837	0.9701429609
2490.699587	65248.84969	148.5962122	154.0688386	0.2349361641	-817.6836918	-3	0.5925752474	51.74288472	388	23.58184069	44353.09489	78918.946	0.9701570375
2477.071525	65248.25712	148.5962122	154.0381119	0.2348781141	-817.5206173	-3	0.5925626569	52.33544738	389	23.62463759	44353.26761	78918.30364	0.9701711037
2463.446182	65247.66455	148.5962122	154.0074002	0.2348200951	-817.357622	-3	0.5925500683	52.92799745	390	23.66742595	44353.43993	78917.66129	0.9701851596
2449.823555	65247.072	148.5962122	153.9767033	0.2347621071	-817.1947058	-3	0.5925374816	53.52053493	391	23.71020579	44353.61187	78917.01895	0.9701992051
2436.203643	65246.47947	148.5962122	153.9460214	0.2347041502	-817.0318688	-3	0.5925248968	54.11305983	392	23.75297709	44353.78341	78916.37661	0.9702132403
2422.586445	65245.88694	148.5962122	153.9153544	0.2346462242	-816.8691107	-3	0.5925123139	54.70557214	393	23.79573988	44353.95457	78915.73429	0.9702272652
2408.97196	65245.29443	148.5962122	153.8847022	0.2345883292	-816.7064317	-3	0.5924997329	55.29807187	394	23.83849414	44354.12533	78915.09197	0.9702412797
2395.360186	65244.70193	148.5962122	153.8540649	0.2345304651	-816.5438316	-3	0.5924871538	55.89055903	395	23.88123989	44354.29571	78914.44966	0.9702552839
2381.751122	65244.10944	148.5962122	153.8234425	0.234472632	-816.3813103	-3	0.5924745766	56.4830336	396	23.92397713	44354.4657	78913.80736	0.9702692779
2368.144767	65243.51697	148.5962122	153.7928349	0.2344148297	-816.2188678	-3	0.5924620013	57.07549561	397	23.96670587	44354.6353	78913.16507	0.9702832615
2354.541119	65242.9245	148.5962122	153.7622421	0.2343570583	-816.0565041	-3	0.5924494279	57.66794503	398	24.0094261	44354.80451	78912.52279	0.9702972349
2340.940177	65242.33205	148.5962122	153.7316642	0.2342993177	-815.894219	-3	0.5924368564	58.26038189	399	24.05213783	44354.97334	78911.88051	0.970311198
2327.34194	65241.73962	148.5962122	153.7011011	0.2342416079	-815.7320126	-3	0.5924242868	58.85280618	400	24.09484107	44355.14177	78911.23825	0.9703251509
2313.746407	65241.14719	148.5962122	153.6705528	0.2341839288	-815.5698847	-3	0.5924117191	59.4452179	401	24.13753582	44355.30983	78910.59599	0.9703390935
2300.153575	65240.55478	148.5962122	153.6400193	0.2341262806	-815.4078353	-3	0.5923991533	60.03761705	402	24.18022209	44355.47749	78909.95374	0.9703530258
2286.563445	65239.96238	148.5962122	153.6095005	0.2340686631	-815.2458644	-3	0.5923865895	60.63000364	403	24.22289987	44355.64477	78909.3115	0.970366948
2272.976014	65239.37	148.5962122	153.5789966	0.2340110762	-815.0839718	-3	0.5923740275	61.22237767	404	24.26556918	44355.81167	78908.66927	0.9703808599
2259.391281	65238.77762	148.5962122	153.5485074	0.2339535201	-814.9221576	-3	0.5923614674	61.81473913	405	24.30823001	44355.97818	78908.02704	0.9703947616
2245.809245	65238.18526	148.5962122	153.5180329	0.2338959946	-814.7604216	-3	0.3074981879	62.12223732	406	24.35088237	23026.01353	78907.38483	0.6
2232.229905	65237.87776	147.9508783	152.8216818	0.2328240135	-811.064704	-3	0.306815968	62.42905329	407	24.39352627	22988.0314	78869.13931	0.6
2218.71216	65237.57095	147.305429	152.1256042	0.231752601	-807.3704376	-3	0.3062119753	62.73526526	408	24.43597674	22955.86526	78836.71035	0.6
2205.255986	65237.26473	146.6598649	151.4297986	0.2306817541	-803.6776153	-3	0.3056871255	63.04095239	409	24.47823385	22929.59379	78810.17659	0.6
2191.861359	65236.95905	146.0141861	150.7342639	0.2296114702	-799.9862301	-3	0.3052423551	63.34619475	410	24.52029768	22909.29743	78789.61838	0.6
2178.528255	65236.65381	145.3683933	150.0389986	0.2285417464	-796.296275	-3	0.3048786218	63.65107337	411	24.56216831	22895.05835	78775.11785	0.6
2165.25665	65236.34893	144.7224868	149.3440014	0.2274725799	-792.6077431	-3	0.3045969051	63.95567027	412	24.60384581	22886.96059	78766.75893	0.6
2152.046521	65236.04433	144.076467	148.6492711	0.2264039678	-788.9206274	-3	0.3043982072	64.26006848	413	24.64533026	22885.09001	78764.62745	0.6
2138.897844	65235.73993	143.4303343	147.9548064	0.2253359075	-785.2349208	-3	0.5887879577	64.84885644	414	24.68662172	44291.1952	78768.81114	0.9724444426
2125.810595	65235.15114	143.4303343	147.9265014	0.2252825121	-785.084699	-3	0.5887746593	65.4376311	415	24.72772028	44291.22576	78768.08728	0.9724569444
2112.72585	65234.56237	143.4303343	147.8982096	0.2252291442	-784.9345472	-3	0.5887613632	66.02639246	416	24.76881097	44291.25602	78767.36347	0.9724694374
2099.643608	65233.97361	143.4303343	147.8699311	0.2251758036	-784.7844655	-3	0.5887480695	66.61514053	417	24.80989381	44291.28598	78766.63969	0.9724819214
2086.563867	65233.38486	143.4303343	147.8416657	0.2251224904	-784.6344537	-3	0.5887347782	67.20387531	418	24.85096879	44291.31563	78765.91595	0.9724943967
2073.486626	65232.79612	143.4303343	147.8134135	0.2250692046	-784.4845119	-3	0.5887214892	67.7925968	419	24.89203592	44291.34498	78765.19225	0.972506863
2060.411884	65232.2074	143.4303343	147.7851745	0.2250159461	-784.3346399	-3	0.5887082025	68.381305	420	24.9330952	44291.37403	78764.46859	0.9725193206
2047.33964	65231.6187	143.4303343	147.7569486	0.2249627149	-784.1848378	-3	0.5886949182	68.96999992	421	24.97414664	44291.40278	78763.74496	0.9725317693
2034.269893	65231.03	143.4303343	147.7287358	0.224909511	-784.0351054	-3	0.5886816363	69.55868155	422	25.01519024	44291.43123	78763.02137	0.9725442091
2021.202641	65230.44132	143.4303343	147.7005362	0.2248563344	-783.8854428	-3	0.5886683566	70.14734991	423	25.056226	44291.45938	78762.29782	0.9725566402
2008.137884	65229.85265	143.4303343	147.6723498	0.224803185	-783.7358498	-3	0.5886550793	70.73600499	424	25.09725392	44291.48722	78761.57431	0.9725690624
1995.07562	65229.264	143.4303343	147.6441764	0.2247500629	-783.5863264	-3	0.5886418044	71.32464679	425	25.13827402	44291.51477	78760.85083	0.9725814759
1982.015847	65228.67535	143.4303343	147.6160162	0.224696968	-783.4368726	-3	0.5886285318	71.91327533	426	25.17928629	44291.54201	78760.1274	0.9725938805
1968.958566	65228.08672	143.4303343	147.587869	0.2246439002	-783.2874884	-3	0.5886152615	72.50189059	427	25.22029074	44291.56896	78759.404	0.9726062764
1955.903775	65227.49811	143.4303343	147.559735	0.2245908596	-783.1381735	-3	0.5886019936	73.09049258	428	25.26128737	44291.59561	78758.68064	0.9726186635
1942.851472	65226.90951	143.4303343	147.531614	0.2245378462	-782.9889281	-3	0.5885887281	73.67908131	429	25.30227618	44291.62195	78757.95731	0.9726310418
1929.801656	65226.32092	143.4303343	147.5035061	0.2244848599	-782.8397521	-3	0.5885754648	74.26765677	430	25.34325719	44291.648	78757.23403	0.9726434113
1916.754327	65225.73234	143.4303343	147.4754112	0.2244319006	-782.6906454	-3	0.588562204	74.85621898	431	25.38423038	44291.67375	78756.51078	0.9726557722
1903.709483	65225.14378	143.4303343	147.4473294	0.2243789685	-782.5416079	-3	0.5885489454	75.44476792	432	25.42519578	44291.69921	78755.78757	0.9726681242
1890.667123	65224.55523	143.4303343	147.4192607	0.2243260634	-782.3926397	-3	0.5885356892	76.03330361	433	25.46615337	44291.72436	78755.0644	0.9726804676
1877.627246	65223.9667	143.4303343	147.391205	0.2242731854	-782.2437406	-3	0.5885224353	76.62182605	434	25.50710316	44291.74922	78754.34126	0.9726928022
1864.58985	65223.37817	143.4303343	147.3631622	0.2242203344	-782.0949106	-3	0.5885091838	77.21033523	435	25.54804516	44291.77378	78753.61816	0.9727051281
1851.554935	65222.78966	143.4303343	147.3351326	0.2241675103	-781.9461496	-3	0.5884959346	77.79883117	436	25.58897938	44291.79804	78752.8951	0.9727174452
1838.522499	65222.20117	143.4303343	147.3071159	0.2241147133	-781.7974577	-3	0.5884826878	78.38731385	437	25.6299058	44291.82201	78752.17208	0.9727297537
1825.492541	65221.61269	143.4303343	147.2791122	0.2240619432	-781.6488348	-3	0.5884694433	78.9757833	438	25.67082444	44291.84568	78751.4491	0.9727420535
1812.465061	65221.02422	143.4303343	147.2511214	0.2240092	-781.5002807	-3	0.5884562011	79.5642395	439	25.71173531	44291.86905	78750.72615	0.9727543446
1799.440056	65220.43576	143.4303343	147.2231437	0.2239564837	-781.3517955	-3	0.5884429613	80.15268246	440	25.7526384	44291.89213	78750.00324	0.9727666271
1786.417526	65219.84732	143.4303343	147.1951789	0.2239037943	-781.2033791	-3	0.5884297238	80.74111218	441	25.79353372	44291.91491	78749.28037	0.9727789008
1773.39747	65219.25889	143.4303343	147.1672271	0.2238511318	-781.0550315	-3	0.5884164887	81.32952867	442	25.83442127	44291.9374	78748.55753	0.9727911659
1760.379886	65218.67047	143.4303343	147.1392882	0.2237984962	-780.9067525	-3	0.5884032558	81.91793193	443	25.87530105	44291.95959	78747.83473	0.9728034224
1747.364773	65218.08207	143.4303343	147.1113623	0.2237458873	-780.7585423	-3	0.3039851749	82.2219171	444	25.91617308	22882.96056	78747.11197	0.6
1734.352131	65217.77808	142.7804973	146.4175527	0.22268057	-777.0763131	-3	0.3039524547	82.52586956	445	25.95703734	22893.56828	78757.45932	0.6
1721.400859	65217.47413	142.1305471	145.7240038	0.2216157932	-773.395467	-3	0.3040068002	82.82987636	446	25.99770889	22910.74472	78774.37539	0.6
1708.510935	65217.17012	141.4804841	145.0307141	0.2205515543	-769.7159972	-3	0.3041493272	83.13402568	447	26.03818778	22934.58528	78797.95555	0.6
1695.682335	65216.86597	140.8303088	144.3376825	0.2194878504	-766.0378967	-3	0.304381178	83.43840686	448	26.07847409	22965.18759	78828.29733	0.6
1682.915036	65216.56159	140.1800216	143.6449075	0.2184246787	-762.3611587	-3	0.3047035216	83.74311038	449	26.11856789	23002.65151	78865.50053	0.6
1670.209017	65216.25689	139.529623	142.952388	0.2173620366	-758.6857762	-3	0.3051175552	84.04822794	450	26.15846925	23047.07924	78909.66725	0.6
1657.564254	65215.95177	138.8791133	142.2601226	0.2162999213	-755.0117424	-3	0.5896842643	84.6379122	451	26.19817825	44567.32437	78960.90201	0.9745248472
1644.980725	65215.36209	138.8791133	142.2340104	0.2162507563	-754.8731578	-3	0.5896702854	85.22758249	452	26.23769495	44567.22935	78960.10342	0.9745359713
1632.399506	65214.77242	138.8791133	142.2079098	0.2162016155	-754.7346353	-3	0.5896563091	85.8172388	453	26.27720439	44567.13411	78959.30489	0.9745470878
1619.820595	65214.18276	138.8791133	142.181821	0.2161524989	-754.5961749	-3	0.5896423355	86.40688113	454	26.31670659	44567.03863	78958.50641	0.9745581966
1607.243992	65213.59312	138.8791133	142.1557438	0.2161034066	-754.4577764	-3	0.5896283645	86.9965095	455	26.35620154	44566.94292	78957.708	0.9745692979
1594.669696	65213.00349	138.8791133	142.1296783	0.2160543384	-754.31944	-3	0.5896143962	87.58612389	456	26.39568925	44566.84697	78956.90964	0.9745803916
1582.097705	65212.41388	138.8791133	142.1036244	0.2160052944	-754.1811654	-3	0.5896004306	88.17572433	457	26.43516971	44566.75079	78956.11134	0.9745914777
1569.528019	65211.82428	138.8791133	142.0775822	0.2159562745	-754.0429527	-3	0.5895864676	88.76531079	458	26.47464294	44566.65438	78955.31309	0.9746025562
1556.960637	65211.23469	138.8791133	142.0515517	0.2159072788	-753.9048019	-3	0.5895725072	89.3548833	459	26.51410894	44566.55773	78954.51491	0.9746136272
1544.395557	65210.64512	138.8791133	142.0255328	0.2158583072	-753.7667128	-3	0.5895585495	89.94444185	460	26.5535677	44566.46085	78953.71678	0.9746246906
1531.832778	65210.05556	138.8791133	141.9995256	0.2158093596	-753.6286855	-3	0.5895445945	90.53398644	461	26.59301924	44566.36374	78952.91871	0.9746357464
1519.2723	65209.46601	138.8791133	141.9735299	0.2157604362	-753.4907198	-3	0.5895306421	91.12351709	462	26.63246355	44566.2664	78952.1207	0.9746467947
1506.714121	65208.87648	138.8791133	141.9475459	0.2157115368	-753.3528158	-3	0.5895166923	91.71303378	463	26.67190064	44566.16882	78951.32274	0.9746578354
1494.158241	65208.28697	138.8791133	141.9215735	0.2156626614	-753.2149735	-3	0.5895027452	92.30253652	464	26.71133052	44566.07102	78950.52484	0.9746688686
1481.604658	65207.69746	138.8791133	141.8956127	0.2156138101	-753.0771927	-3	0.5894888008	92.89202532	465	26.75075318	44565.97298	78949.727	0.9746798943
1469.053372	65207.10797	138.8791133	141.8696635	0.2155649827	-752.9394734	-3	0.589474859	93.48150018	466	26.79016862	44565.87471	78948.92922	0.9746909124
1456.504381	65206.5185	138.8791133	141.8437259	0.2155161794	-752.8018156	-3	0.5894609198	94.0709611	467	26.82957686	44565.77621	78948.1315	0.9747019231
1443.957684	65205.92904	138.8791133	141.8177998	0.2154674	-752.6642192	-3	0.5894469833	94.66040809	468	26.8689779	44565.67748	78947.33383	0.9747129262
1431.41328	65205.33959	138.8791133	141.7918853	0.2154186446	-752.5266843	-3	0.5894330494	95.24984114	469	26.90837173	44565.57852	78946.53622	0.9747239218
1418.871169	65204.75016	138.8791133	141.7659824	0.2153699131	-752.3892107	-3	0.5894191182	95.83926025	470	26.94775837	44565.47933	78945.73867	0.9747349099
1406.331348	65204.16074	138.8791133	141.740091	0.2153212055	-752.2517984	-3	0.5894051896	96.42866544	471	26.98713781	44565.37991	78944.94117	0.9747458906
1393.793818	65203.57133	138.8791133	141.7142112	0.2152725218	-752.1144473	-3	0.5893912637	97.01805671	472	27.02651005	44565.28026	78944.14373	0.9747568637
1381.258578	65202.98194	138.8791133	141.6883429	0.215223862	-751.9771575	-3	0.5893773404	97.60743405	473	27.06587511	44565.18038	78943.34635	0.9747678294
1368.725625	65202.39257	138.8791133	141.6624861	0.215175226	-751.8399289	-3	0.5893634197	98.19679747	474	27.10523299	44565.08027	78942.54903	0.9747787876
1356.19496	65201.8032	138.8791133	141.6366409	0.2151266139	-751.7027613	-3	0.5893495017	98.78614697	475	27.14458368	44564.97994	78941.75176	0.9747897384
1343.66658	65201.21385	138.8791133	141.6108071	0.2150780256	-751.5656549	-3	0.5893355863	99.37548256	476	27.18392719	44564.87937	78940.95455	0.9748006817
1331.140486	65200.62452	138.8791133	141.5849849	0.2150294611	-751.4286096	-3	0.5893216736	99.96480423	477	27.22326352	44564.77857	78940.1574	0.9748116175
1318.616676	65200.0352	138.8791133	141.5591742	0.2149809204	-751.2916252	-3	0.5893077635	100.554112	478	27.26259269	44564.67755	78939.3603	0.9748225459
1306.095149	65199.44589	138.8791133	141.5333749	0.2149324035	-751.1547018	-3	0.589293856	101.1434058	479	27.30191468	44564.5763	78938.56326	0.9748334669
1293.575904	65198.85659	138.8791133	141.5075871	0.2148839103	-751.0178393	-3	0.5892799512	101.7326858	480	27.34122951	44564.47482	78937.76628	0.9748443804
1281.05894	65198.26731	138.8791133	141.4818108	0.2148354409	-750.8810377	-3	0.589266049	102.3219518	481	27.38053717	44564.37311	78936.96936	0.9748552866
1268.544256	65197.67805	138.8791133	141.456046	0.2147869951	-750.744297	-3	0.5892521494	102.911204	482	27.41983767	44564.27118	78936.17249	0.9748661853
1256.031851	65197.0888	138.8791133	141.4302926	0.2147385731	-750.607617	-3	0.5892382525	103.5004423	483	27.45913102	44564.16902	78935.37568	0.9748770766
1243.521724	65196.49956	138.8791133	141.4045507	0.2146901748	-750.4709978	-3	0.5892243582	104.0896666	484	27.49841721	44564.06663	78934.57892	0.9748879605
1231.013874	65195.91033	138.8791133	141.3788202	0.2146418001	-750.3344393	-3	0.5892104665	104.6788771	485	27.53769625	44563.96401	78933.78222	0.974898837
1218.5083	65195.32112	138.8791133	141.3531011	0.214593449	-750.1979414	-3	0.5891965775	105.2680737	486	27.57696815	44563.86117	78932.98558	0.9749097062
1206.005001	65194.73193	138.8791133	141.3273934	0.2145451216	-750.0615042	-3	0.5891826911	105.8572563	487	27.6162329	44563.7581	78932.189	0.9749205679
1193.503976	65194.14274	138.8791133	141.3016972	0.2144968178	-749.9251275	-3	0.5891688073	106.4464252	488	27.65549051	44563.65481	78931.39247	0.9749314223
1181.005224	65193.55357	138.8791133	141.2760124	0.2144485376	-749.7888114	-3	0.5891549262	107.0355801	489	27.69474098	44563.55129	78930.596	0.9749422693
1168.508743	65192.96442	138.8791133	141.250339	0.214400281	-749.6525558	-3	0.5891410477	107.6247211	490	27.73398431	44563.44754	78929.79958	0.974953109
1156.014534	65192.37528	138.8791133	141.2246769	0.2143520479	-749.5163607	-3	0.5891271718	108.2138483	491	27.77322052	44563.34357	78929.00322	0.9749639413
1143.522595	65191.78615	138.8791133	141.1990263	0.2143038384	-749.3802259	-3	0.5891132985	108.8029616	492	27.8124496	44563.23938	78928.20692	0.9749747663
1131.032924	65191.19704	138.8791133	141.173387	0.2142556523	-749.2441515	-3	0.5890994279	109.392061	493	27.85167155	44563.13495	78927.41068	0.9749855839
1118.545522	65190.60794	138.8791133	141.1477591	0.2142074898	-749.1081375	-3	0.5890855599	109.9811466	494	27.89088638	44563.03031	78926.61449	0.9749963942
1106.060386	65190.01885	138.8791133	141.1221425	0.2141593508	-748.9721837	-3	0.5890716945	110.5702183	495	27.93009409	44562.92544	78925.81836	0.9750071972
1093.577517	65189.42978	138.8791133	141.0965373	0.2141112352	-748.8362901	-3	0.5890578318	111.1592761	496	27.96929468	44562.82034	78925.02228	0.9750179928
1081.096912	65188.84072	138.8791133	141.0709434	0.2140631431	-748.7004568	-3	0.5890439716	111.7483201	497	28.00848817	44562.71503	78924.22626	0.9750287812
1068.618571	65188.25168	138.8791133	141.0453609	0.2140150745	-748.5646836	-3	0.5890301141	112.3373502	498	28.04767454	44562.60948	78923.43029	0.9750395622
1056.142493	65187.66265	138.8791133	141.0197897	0.2139670292	-748.4289705	-3	0.5890162592	112.9263665	499	28.08685381	44562.50372	78922.63439	0.9750503359
1043.668676	65187.07363	138.8791133	140.9942298	0.2139190074	-748.2933176	-3	0.5890024069	113.5153689	500	28.12602597	44562.39773	78921.83853	0.9750611024
1031.197121	65186.48463	138.8791133	140.9686812	0.2138710089	-748.1577246	-3	0.5889885573	114.1043574	501	28.16519103	44562.29152	78921.04274	0.9750718615
1018.727826	65185.89564	138.8791133	140.943144	0.2138230338	-748.0221916	-3	0.5889747103	114.6933321	502	28.204349	44562.18508	78920.247	0.9750826134
1006.260789	65185.30667	138.8791133	140.917618	0.213775082	-747.8867186	-3	0.5889608659	115.282293	503	28.24349987	44562.07842	78919.45132	0.975093358
993.7960106	65184.71771	138.8791133	140.8921033	0.2137271536	-747.7513055	-3	0.5889470241	115.87124	504	28.28264366	44561.97154	78918.65569	0.9751040954
981.3334889	65184.12876	138.8791133	140.8665999	0.2136792485	-747.6159522	-3	0.5889331849	116.4601732	505	28.32178035	44561.86444	78917.86012	0.9751148254
968.873223	65183.53983	138.8791133	140.8411078	0.2136313666	-747.4806588	-3	0.5889193483	117.0490926	506	28.36090996	44561.75712	78917.0646	0.9751255483
956.415212	65182.95091	138.8791133	140.8156269	0.2135835081	-747.3454251	-3	0.5889055144	117.6379981	507	28.40003249	44561.64957	78916.26914	0.9751362639
943.9594549	65182.362	138.8791133	140.7901573	0.2135356728	-747.2102512	-3	0.5888916831	118.2268897	508	28.43914795	44561.5418	78915.47374	0.9751469722
931.5059507	65181.77311	138.8791133	140.7646989	0.2134878608	-747.075137	-3	0.5888778544	118.8157676	509	28.47825632	44561.43381	78914.67839	0.9751576733
919.0546985	65181.18423	138.8791133	140.7392518	0.213440072	-746.9400824	-3	0.5888640283	119.4046316	510	28.51735763	44561.3256	78913.8831	0.9751683672
906.6056971	65180.59537	138.8791133	140.7138159	0.2133923063	-746.8050874	-3	0.5888502048	119.9934818	511	28.55645186	44561.21717	78913.08786	0.9751790539
894.1589456	65180.00652	138.8791133	140.6883912	0.2133445639	-746.670152	-3	0.5888363839	120.5823182	512	28.59553904	44561.10852	78912.29268	0.9751897334
881.7144431	65179.41768	138.8791133	140.6629778	0.2132968447	-746.5352762	-3	0.5888225656	121.1711408	513	28.63461914	44560.99965	78911.49756	0.9752004056
869.2721885	65178.82886	138.8791133	140.6375755	0.2132491486	-746.4004598	-3	0.58880875	121.7599495	514	28.67369219	44560.89056	78910.70249	0.9752110707
856.8321808	65178.24005	138.8791133	140.6121845	0.2132014757	-746.2657029	-3	0.5887949369	122.3487445	515	28.71275819	44560.78124	78909.90747	0.9752217286
844.3944191	65177.65126	138.8791133	140.5868046	0.2131538258	-746.1310054	-3	0.5887811265	122.9375256	516	28.75181713	44560.67171	78909.11251	0.9752323792
831.9589024	65177.06247	138.8791133	140.561436	0.2131061991	-745.9963672	-3	0.5887673187	123.5262929	517	28.79086902	44560.56196	78908.31761	0.9752430227
819.5256296	65176.47371	138.8791133	140.5360785	0.2130585955	-745.8617884	-3	0.5887535135	124.1150464	518	28.82991386	44560.45199	78907.52276	0.9752536591
807.0945998	65175.88495	138.8791133	140.5107322	0.2130110149	-745.7272689	-3	0.5887397108	124.7037861	519	28.86895166	44560.3418	78906.72797	0.9752642882
794.665812	65175.29621	138.8791133	140.485397	0.2129634574	-745.5928085	-3	0.5887259108	125.2925121	520	28.90798242	44560.23139	78905.93323	0.9752749102
782.2392651	65174.70749	138.8791133	140.460073	0.212915923	-745.4584074	-3	0.5887121134	125.8812242	521	28.94700614	44560.12076	78905.13855	0.9752855251
769.8149584	65174.11878	138.8791133	140.4347602	0.2128684115	-745.3240655	-3	0.5886983186	126.4699225	522	28.98602283	44560.00991	78904.34393	0.9752961328
757.3928906	65173.53008	138.8791133	140.4094584	0.2128209231	-745.1897827	-3	0.5886845264	127.058607	523	29.02503248	44559.89885	78903.54936	0.9753067334
