Hp[ft]	ACMass[kg]	CAS[kt]	TAS[kt]	M[-]	ROCD[ft/min]	Grad[deg]	FuelFlow[kg/s]	Fuel[kg]	Time[s]	Distance[NM]	Thr[N]	D[N]	fM[-]
10000	65300	250	288.7023134	0.452275114	-1532.218816	-3	0.09260353994	0.09260353994	0	0	6243.421317	43463.68775	0.9016752257
9974.46302	65299.9074	250	288.5934003	0.4520618779	-1531.640786	-3	0.09265855801	0.185262098	1	0.08019508706	6247.632198	43464.60108	0.8
9948.935673	65299.81474	249.78049	288.2349096	0.4514577926	-1529.738182	-3	0.09227589122	0.2775379892	2	0.1603599205	6223.474839	43431.20499	0.8
9923.440037	65299.72246	249.5609149	287.8766922	0.4508543059	-1527.837028	-3	0.0918942973	0.3694322865	3	0.2404251732	6199.375836	43397.88596	0.8
9897.976086	65299.63057	249.3412745	287.5187474	0.4502514163	-1525.937321	-3	0.09151378123	0.4609460677	4	0.320390921	6175.335587	43364.64435	0.8
9872.543798	65299.53905	249.1215689	287.1610749	0.4496491227	-1524.039059	-3	0.09113434797	0.5520804157	5	0.4002572397	6151.354491	43331.4805	0.8
9847.143147	65299.44792	248.9017982	286.8036739	0.4490474236	-1522.142239	-3	0.09075600248	0.6428364182	6	0.480024205	6127.432948	43298.39479	0.8
9821.774109	65299.35716	248.6819624	286.4465441	0.4484463179	-1520.246857	-3	0.09037874976	0.7332151679	7	0.5596918922	6103.571357	43265.38758	0.8
9796.436662	65299.26678	248.4620614	286.0896848	0.4478458041	-1518.352911	-3	0.09000259479	0.8232177627	8	0.6392603766	6079.77012	43232.45923	0.8
9771.13078	65299.17678	248.2420954	285.7330955	0.4472458811	-1516.460398	-3	0.08962754257	0.9128453053	9	0.7187297335	6056.029639	43199.61011	0.8
9745.85644	65299.08715	248.0220643	285.3767756	0.4466465475	-1514.569316	-3	0.0892535981	1.002098903	10	0.7981000378	6032.350317	43166.84057	0.8
9720.613618	65298.9979	247.8019681	285.0207246	0.446047802	-1512.67966	-3	0.08888076639	1.09097967	11	0.8773713644	6008.732558	43134.15099	0.8
9695.40229	65298.90902	247.581807	284.664942	0.4454496433	-1510.791428	-3	0.08850905247	1.179488722	12	0.9565437879	5985.176766	43101.54174	0.8
9670.222433	65298.82051	247.3615808	284.3094273	0.4448520702	-1508.904618	-3	0.08813846137	1.267627184	13	1.035617383	5961.683347	43069.01317	0.8
9645.074023	65298.73237	247.1412898	283.9541798	0.4442550813	-1507.019227	-3	0.08776899813	1.355396182	14	1.114592224	5938.252707	43036.56567	0.8
9619.957036	65298.6446	246.9209337	283.5991991	0.4436586754	-1505.135251	-3	0.08740066778	1.44279685	15	1.193468385	5914.885254	43004.1996	0.8
9594.871448	65298.5572	246.7005128	283.2444846	0.4430628512	-1503.252688	-3	0.0870334754	1.529830325	16	1.27224594	5891.581396	42971.91532	0.8
9569.817237	65298.47017	246.4800269	282.8900357	0.4424676075	-1501.371536	-3	0.08666742604	1.616497751	17	1.350924964	5868.341542	42939.71322	0.8
9544.794378	65298.3835	246.2594762	282.5358521	0.4418729429	-1499.49179	-3	0.08630252477	1.702800276	18	1.429505529	5845.166102	42907.59367	0.8
9519.802848	65298.2972	246.0388607	282.181933	0.4412788562	-1497.613449	-3	0.08593877669	1.788739052	19	1.50798771	5822.055487	42875.55704	0.8
9494.842624	65298.21126	245.8181803	281.8282781	0.4406853462	-1495.736509	-3	0.08557618689	1.874315239	20	1.586371581	5799.010109	42843.6037	0.8
9469.913682	65298.12568	245.5974351	281.4748866	0.4400924115	-1493.860969	-3	0.08521476046	1.95953	21	1.664657213	5776.030381	42811.73404	0.8
9445.015999	65298.04047	245.3766252	281.1217583	0.4395000509	-1491.986824	-3	0.08485450251	2.044384502	22	1.742844682	5753.116717	42779.94842	0.8
9420.149552	65297.95562	245.1557506	280.7688924	0.4389082632	-1490.114072	-3	0.08449541818	2.12887992	23	1.820934059	5730.269532	42748.24723	0.8
9395.314318	65297.87112	244.9348112	280.4162884	0.4383170471	-1488.242711	-3	0.08413751258	2.213017433	24	1.898925418	5707.489241	42716.63085	0.8
9370.510273	65297.78698	244.7138071	280.063946	0.4377264014	-1486.372737	-3	0.08378079086	2.296798224	25	1.976818832	5684.776261	42685.09966	0.8
9345.737394	65297.7032	244.4927384	279.7118644	0.4371363247	-1484.504148	-3	0.08342525818	2.380223482	26	2.054614372	5662.13101	42653.65403	0.8
9320.995658	65297.61978	244.2716051	279.3600432	0.436546816	-1482.636941	-3	0.08307091968	2.463294402	27	2.132312112	5639.553908	42622.29435	0.8
9296.285042	65297.53671	244.0504071	279.008482	0.4359578738	-1480.771113	-3	0.08271778054	2.546012182	28	2.209912124	5617.045372	42591.021	0.8
9271.605524	65297.45399	243.8291446	278.65718	0.4353694971	-1478.906661	-3	0.08236584595	2.628378028	29	2.28741448	5594.605825	42559.83438	0.8
9246.957079	65297.37162	243.6078175	278.3061369	0.4347816845	-1477.043584	-3	0.08201512108	2.710393149	30	2.364819253	5572.235689	42528.73486	0.8
9222.339686	65297.28961	243.3864258	277.9553521	0.4341944348	-1475.181877	-3	0.08166561116	2.79205876	31	2.442126513	5549.935385	42497.72283	0.8
9197.753322	65297.20794	243.1649697	277.6048251	0.4336077469	-1473.321538	-3	0.08131732138	2.873376082	32	2.519336333	5527.705338	42466.79868	0.8
9173.197963	65297.12662	242.9434491	277.2545553	0.4330216193	-1471.462565	-3	0.08097025697	2.954346339	33	2.596448784	5505.545973	42435.96279	0.8
9148.673587	65297.04565	242.721864	276.9045423	0.4324360511	-1469.604954	-3	0.08062442316	3.034970762	34	2.673463938	5483.457717	42405.21557	0.8
9124.180171	65296.96503	242.5002145	276.5547856	0.4318510408	-1467.748703	-3	0.08027982521	3.115250587	35	2.750381867	5461.440995	42374.5574	0.8
9099.717692	65296.88475	242.2785006	276.2052846	0.4312665874	-1465.89381	-3	0.07993646836	3.195187056	36	2.827202641	5439.496236	42343.98867	0.8
9075.286129	65296.80481	242.0567223	275.8560387	0.4306826896	-1464.040271	-3	0.07959435788	3.274781413	37	2.903926331	5417.623871	42313.50977	0.8
9050.885458	65296.72522	241.8348797	275.5070476	0.4300993461	-1462.188083	-3	0.07925349905	3.354034912	38	2.980553008	5395.824327	42283.12111	0.8
9026.515656	65296.64597	241.6129728	275.1583107	0.4295165558	-1460.337245	-3	0.07891389717	3.43294881	39	3.057082744	5374.098039	42252.82308	0.8
9002.176702	65296.56705	241.3910016	274.8098274	0.4289343175	-1458.487753	-3	0.07857555753	3.511524367	40	3.133515608	5352.445437	42222.61607	0.8
8977.868573	65296.48848	241.1689662	274.4615973	0.4283526299	-1456.639605	-3	0.07823848545	3.589762853	41	3.209851671	5330.866956	42192.50048	0.8
8953.591246	65296.41024	240.9468665	274.1136199	0.4277714919	-1454.792797	-3	0.07790268626	3.667665539	42	3.286091004	5309.36303	42162.47672	0.8
8929.344699	65296.33233	240.7247026	273.7658946	0.4271909023	-1452.947328	-3	0.07756816528	3.745233704	43	3.362233676	5287.934096	42132.54518	0.8
8905.128911	65296.25477	240.5024745	273.418421	0.4266108598	-1451.103195	-3	0.07723492787	3.822468632	44	3.438279758	5266.580591	42102.70627	0.8
8880.943857	65296.17753	240.2801823	273.0711985	0.4260313633	-1449.260394	-3	0.0769029794	3.899371611	45	3.514229319	5245.302953	42072.96039	0.8
8856.789518	65296.10063	240.0578259	272.7242266	0.4254524116	-1447.418923	-3	0.07657232523	3.975943937	46	3.59008243	5224.101622	42043.30795	0.8
8832.665869	65296.02406	239.8354055	272.3775049	0.4248740035	-1445.57878	-3	0.07624297075	4.052186907	47	3.665839159	5202.977037	42013.74935	0.8
8808.572889	65295.94781	239.612921	272.0310328	0.4242961378	-1443.739962	-3	0.07591492137	4.128101829	48	3.741499577	5181.929642	41984.28499	0.8
8784.510556	65295.8719	239.3903724	271.6848098	0.4237188133	-1441.902466	-3	0.07558818249	4.203690011	49	3.817063753	5160.959879	41954.91529	0.8
8760.478849	65295.79631	239.1677599	271.3388354	0.4231420289	-1440.066289	-3	0.07526275954	4.278952771	50	3.892531756	5140.068193	41925.64066	0.8
8736.477744	65295.72105	238.9450834	270.9931092	0.4225657833	-1438.231429	-3	0.07493865796	4.353891429	51	3.967903655	5119.255029	41896.46151	0.8
8712.50722	65295.64611	238.7223429	270.6476306	0.4219900755	-1436.397884	-3	0.0746158832	4.428507312	52	4.043179518	5098.520834	41867.37825	0.8
8688.567255	65295.57149	238.4995385	270.3023991	0.4214149042	-1434.56565	-3	0.07429444072	4.502801753	53	4.118359416	5077.866055	41838.39129	0.8
8664.657828	65295.4972	238.2766702	269.9574142	0.4208402683	-1432.734725	-3	0.07397433599	4.576776089	54	4.193443415	5057.291143	41809.50105	0.8
8640.778916	65295.42322	238.0537381	269.6126755	0.4202661665	-1430.905106	-3	0.07365557452	4.650431663	55	4.268431586	5036.796548	41780.70795	0.8
8616.930497	65295.34957	237.8307421	269.2681825	0.4196925978	-1429.076791	-3	0.07333816181	4.723769825	56	4.343323996	5016.382721	41752.0124	0.8
8593.112551	65295.27623	237.6076823	268.9239345	0.419119561	-1427.249778	-3	0.07302210337	4.796791928	57	4.418120713	4996.050116	41723.41483	0.8
8569.325054	65295.20321	237.3845588	268.5799313	0.4185470549	-1425.424062	-3	0.07270740474	4.869499333	58	4.492821806	4975.799188	41694.91565	0.8
8545.567987	65295.1305	237.1613715	268.2361722	0.4179750784	-1423.599643	-3	0.07239407147	4.941893405	59	4.567427343	4955.630391	41666.51529	0.8
8521.841326	65295.05811	236.9381205	267.8926568	0.4174036303	-1421.776516	-3	0.07208210911	5.013975514	60	4.64193739	4935.544182	41638.21416	0.8
8498.145051	65294.98602	236.7148058	267.5493845	0.4168327095	-1419.954681	-3	0.07177152324	5.085747037	61	4.716352017	4915.541022	41610.0127	0.8
8474.479139	65294.91425	236.4914275	267.206355	0.4162623148	-1418.134133	-3	0.07146231946	5.157209356	62	4.790671291	4895.621368	41581.91134	0.8
8450.843571	65294.84279	236.2679855	266.8635677	0.415692445	-1416.314871	-3	0.07115450336	5.22836386	63	4.864895278	4875.785682	41553.91049	0.8
8427.238323	65294.77164	236.04448	266.5210221	0.4151230991	-1414.496891	-3	0.07084808056	5.29921194	64	4.939024047	4856.034426	41526.01058	0.8
8403.663375	65294.70079	235.8209109	266.1787177	0.4145542759	-1412.680192	-3	0.07054305671	5.369754997	65	5.013057664	4836.368065	41498.21206	0.8
8380.118705	65294.63025	235.5972782	265.8366541	0.4139859743	-1410.864771	-3	0.07023943744	5.439994435	66	5.086996197	4816.787064	41470.51534	0.8
8356.604292	65294.56001	235.3735821	265.4948307	0.413418193	-1409.050625	-3	0.06993722843	5.509931663	67	5.160839712	4797.291888	41442.92087	0.8
8333.120115	65294.49007	235.1498224	265.1532471	0.4128509311	-1407.237751	-3	0.06963643536	5.579568098	68	5.234588276	4777.883007	41415.42908	0.8
8309.666152	65294.42043	234.9259994	264.8119028	0.4122841874	-1405.426148	-3	0.06933706391	5.648905162	69	5.308241956	4758.560889	41388.0404	0.8
8286.242383	65294.35109	234.7021129	264.4707974	0.4117179606	-1403.615812	-3	0.0690391198	5.717944282	70	5.381800818	4739.326005	41360.75527	0.8
8262.848786	65294.28206	234.4781631	264.1299303	0.4111522498	-1401.806741	-3	0.06874260876	5.786686891	71	5.455264928	4720.178828	41333.57414	0.8
8239.485341	65294.21331	234.2541499	263.789301	0.4105870538	-1399.998932	-3	0.06844753653	5.855134427	72	5.528634353	4701.119832	41306.49744	0.8
8216.152025	65294.14487	234.0300734	263.4489092	0.4100223715	-1398.192383	-3	0.06815390887	5.923288336	73	5.601909159	4682.149491	41279.52561	0.8
8192.848819	65294.07671	233.8059336	263.1087542	0.4094582018	-1396.387092	-3	0.06786173156	5.991150068	74	5.675089412	4663.268282	41252.65911	0.8
8169.5757	65294.00885	233.5817305	262.7688357	0.4088945435	-1394.583055	-3	0.06757101038	6.058721078	75	5.748175177	4644.476684	41225.89837	0.8
8146.332649	65293.94128	233.3574643	262.4291531	0.4083313955	-1392.780271	-3	0.06728175115	6.126002829	76	5.82116652	4625.775175	41199.24385	0.8
8123.119645	65293.874	233.1331348	262.089706	0.4077687568	-1390.978736	-3	0.06699395968	6.192996789	77	5.894063507	4607.164239	41172.69598	0.8
8099.936666	65293.807	232.9087422	261.7504939	0.4072066262	-1389.178449	-3	0.06670764183	6.259704431	78	5.966866203	4588.644356	41146.25523	0.8
8076.783692	65293.7403	232.6842865	261.4115164	0.4066450026	-1387.379406	-3	0.06642280345	6.326127234	79	6.039574673	4570.216011	41119.92205	0.8
8053.660702	65293.67387	232.4597677	261.0727729	0.406083885	-1385.581606	-3	0.06613945041	6.392266685	80	6.112188984	4551.879691	41093.69688	0.8
8030.567675	65293.60773	232.2351858	260.734263	0.4055232721	-1383.785045	-3	0.06585758862	6.458124273	81	6.184709198	4533.635882	41067.58019	0.8
8007.504591	65293.54188	232.0105409	260.3959862	0.404963163	-1381.989721	-3	0.06557722397	6.523701497	82	6.257135382	4515.485074	41041.57242	0.8
7984.471429	65293.4763	231.785833	260.0579421	0.4044035566	-1380.195633	-3	0.06529836241	6.58899986	83	6.329467601	4497.427756	41015.67405	0.8
7961.468168	65293.411	231.5610621	259.7201301	0.4038444517	-1378.402776	-3	0.06502100987	6.654020869	84	6.401705918	4479.464422	40989.88552	0.8
7938.494789	65293.34598	231.3362283	259.3825499	0.4032858472	-1376.611149	-3	0.06474517232	6.718766042	85	6.473850399	4461.595565	40964.20731	0.8
7915.55127	65293.28123	231.1113316	259.0452009	0.4027277422	-1374.82075	-3	0.06447085574	6.783236898	86	6.545901107	4443.821679	40938.63987	0.8
7892.63759	65293.21676	230.8863721	258.7080827	0.4021701354	-1373.031575	-3	0.06419806613	6.847434964	87	6.617858107	4426.143263	40913.18368	0.8
7869.753731	65293.15257	230.6613497	258.3711949	0.4016130258	-1371.243623	-3	0.06392680952	6.911361773	88	6.689721464	4408.560815	40887.83919	0.8
7846.89967	65293.08864	230.4362645	258.0345369	0.4010564124	-1369.456891	-3	0.06365709193	6.975018865	89	6.76149124	4391.074835	40862.60687	0.8
7824.075389	65293.02498	230.2111165	257.6981082	0.400500294	-1367.671376	-3	0.06338891943	7.038407785	90	6.8331675	4373.685825	40837.48721	0.8
7801.280866	65292.96159	229.9859058	257.3619086	0.3999446696	-1365.887077	-3	0.06312229809	7.101530083	91	6.904750308	4356.394289	40812.48066	0.8
7778.516081	65292.89847	229.7606324	257.0259374	0.3993895381	-1364.103989	-3	0.06285723401	7.164387317	92	6.976239727	4339.200732	40787.58771	0.8
7755.781015	65292.83561	229.5352964	256.6901942	0.3988348985	-1362.322112	-3	0.0625937333	7.22698105	93	7.047635821	4322.105661	40762.80883	0.8
7733.075646	65292.77302	229.3098977	256.3546786	0.3982807496	-1360.541443	-3	0.06233180209	7.289312852	94	7.118938652	4305.109586	40738.14449	0.8
7710.399956	65292.71069	229.0844364	256.01939	0.3977270904	-1358.761979	-3	0.06207144654	7.351384299	95	7.190148285	4288.213017	40713.59518	0.8
7687.753923	65292.64862	228.8589126	255.6843281	0.3971739199	-1356.983718	-3	0.06181267282	7.413196971	96	7.261264783	4271.416465	40689.16138	0.8
7665.137527	65292.5868	228.6333262	255.3494924	0.396621237	-1355.206657	-3	0.06155548712	7.474752459	97	7.332288207	4254.720446	40664.84358	0.8
7642.55075	65292.52525	228.4076773	255.0148824	0.3960690407	-1353.430794	-3	0.06129989566	7.536052354	98	7.403218622	4238.125475	40640.64224	0.8
7619.99357	65292.46395	228.181966	254.6804977	0.3955173298	-1351.656127	-3	0.06104590466	7.597098259	99	7.474056089	4221.63207	40616.55788	0.8
7597.465968	65292.4029	227.9561922	254.3463378	0.3949661033	-1349.882653	-3	0.06079352039	7.657891779	100	7.544800672	4205.24075	40592.59096	0.8
7574.967924	65292.34211	227.7303561	254.0124023	0.3944153602	-1348.110369	-3	0.06054274911	7.718434528	101	7.615452432	4188.952036	40568.74199	0.8
7552.499417	65292.28157	227.5044576	253.6786907	0.3938650995	-1346.339274	-3	0.06029359712	7.778728125	102	7.686011433	4172.766453	40545.01146	0.8
7530.060429	65292.22127	227.2784967	253.3452026	0.39331532	-1344.569365	-3	0.06004607074	7.838774196	103	7.756477736	4156.684524	40521.39985	0.8
7507.65094	65292.16123	227.0524736	253.0119375	0.3927660208	-1342.80064	-3	0.05980017631	7.898574373	104	7.826851403	4140.706777	40497.90767	0.8
7485.270929	65292.10143	226.8263882	252.6788949	0.3922172008	-1341.033096	-3	0.05955592018	7.958130293	105	7.897132497	4124.833741	40474.53542	0.8
7462.920378	65292.04187	226.6002406	252.3460745	0.391668859	-1339.266731	-3	0.05931330874	8.017443601	106	7.967321079	4109.065945	40451.2836	0.8
7440.599266	65291.98256	226.3740309	252.0134757	0.3911209943	-1337.501542	-3	0.05907234839	8.07651595	107	8.037417211	4093.403924	40428.1527	0.8
7418.307573	65291.92348	226.1477589	251.6810982	0.3905736057	-1335.737527	-3	0.05883304555	8.135348995	108	8.107420954	4077.848211	40405.14323	0.8
7396.045281	65291.86465	225.9214249	251.3489414	0.3900266921	-1333.974684	-3	0.05859540667	8.193944402	109	8.17733237	4062.399342	40382.25571	0.8
7373.81237	65291.80606	225.6950288	251.017005	0.3894802526	-1332.213011	-3	0.05835943821	8.25230384	110	8.24715152	4047.057857	40359.49063	0.8
7351.60882	65291.7477	225.4685706	250.6852884	0.3889342861	-1330.452504	-3	0.05812514667	8.310428987	111	8.316878466	4031.824296	40336.84851	0.8
7329.434611	65291.68957	225.2420504	250.3537913	0.3883887916	-1328.693162	-3	0.05789253857	8.368321526	112	8.386513269	4016.6992	40314.32986	0.8
7307.289725	65291.63168	225.0154683	250.0225132	0.3878437681	-1326.934983	-3	0.05766162044	8.425983146	113	8.456055988	4001.683115	40291.9352	0.8
7285.174142	65291.57402	224.7888242	249.6914537	0.3872992145	-1325.177963	-3	0.05743239883	8.483415545	114	8.525506687	3986.776587	40269.66504	0.8
7263.087843	65291.51658	224.5621182	249.3606123	0.3867551299	-1323.422101	-3	0.05720488034	8.540620425	115	8.594865424	3971.980164	40247.5199	0.8
7241.030808	65291.45938	224.3353504	249.0299886	0.3862115131	-1321.667394	-3	0.05697907158	8.597599497	116	8.66413226	3957.294397	40225.5003	0.8
7219.003018	65291.4024	224.1085207	248.6995821	0.3856683633	-1319.91384	-3	0.05675497916	8.654354476	117	8.733307257	3942.719838	40203.60677	0.8
7197.004454	65291.34565	223.8816292	248.3693924	0.3851256794	-1318.161437	-3	0.05653260975	8.710887086	118	8.802390474	3928.257042	40181.83983	0.8
7175.035096	65291.28911	223.654676	248.0394191	0.3845834603	-1316.410182	-3	0.05631197002	8.767199056	119	8.871381972	3913.906566	40160.20001	0.8
7153.094927	65291.2328	223.4276611	247.7096617	0.3840417051	-1314.660074	-3	0.05609306668	8.823292122	120	8.940281811	3899.668969	40138.68783	0.8
7131.183926	65291.17671	223.2005845	247.3801199	0.3835004128	-1312.911109	-3	0.05587590645	8.879168029	121	9.00909005	3885.544811	40117.30383	0.8
7109.302074	65291.12083	222.9734462	247.050793	0.3829595823	-1311.163285	-3	0.05566049609	8.934828525	122	9.07780675	3871.534656	40096.04855	0.8
7087.449352	65291.06517	222.7462463	246.7216808	0.3824192128	-1309.4166	-3	0.05544684238	8.990275367	123	9.146431971	3857.639069	40074.92251	0.8
7065.625742	65291.00972	222.5189849	246.3927829	0.3818793031	-1307.671052	-3	0.05523495211	9.045510319	124	9.214965771	3843.858618	40053.92627	0.8
7043.831225	65290.95449	222.2916619	246.0640986	0.3813398523	-1305.926639	-3	0.05502483212	9.100535151	125	9.283408211	3830.193872	40033.06035	0.8
7022.065781	65290.89946	222.0642774	245.7356277	0.3808008593	-1304.183358	-3	0.05481648925	9.155351641	126	9.351759349	3816.645403	40012.3253	0.8
7000.329391	65290.84465	221.8368315	245.4073697	0.3802623233	-1302.441207	-3	0.05460993039	9.209961571	127	9.420019246	3803.213786	39991.72168	0.8
6978.622038	65290.79004	221.6093241	245.0793242	0.3797242432	-1300.700183	-3	0.05440516244	9.264366734	128	9.488187959	3789.899597	39971.25001	0.8
6956.943702	65290.73563	221.3817554	244.7514907	0.379186618	-1298.960285	-3	0.05420219233	9.318568926	129	9.556265549	3776.703414	39950.91086	0.8
6935.294364	65290.68143	221.1541253	244.4238688	0.3786494467	-1297.22151	-3	0.05400102702	9.372569953	130	9.624252075	3763.625818	39930.70478	0.8
6913.674005	65290.62743	220.9264339	244.0964582	0.3781127284	-1295.483856	-3	0.05380167349	9.426371626	131	9.692147594	3750.667393	39910.63232	0.8
6892.082607	65290.57363	220.6986812	243.7692582	0.377576462	-1293.74732	-3	0.05360413876	9.479975765	132	9.759952166	3737.828724	39890.69404	0.8
6870.520152	65290.52002	220.4708673	243.4422687	0.3770406467	-1292.011901	-3	0.05340842986	9.533384195	133	9.827665848	3725.1104	39870.89049	0.8
6848.98662	65290.46662	220.2429922	243.115489	0.3765052813	-1290.277595	-3	0.05321455386	9.586598749	134	9.895288701	3712.51301	39851.22225	0.8
6827.481994	65290.4134	220.0150559	242.7889188	0.3759703651	-1288.544402	-3	0.05302251785	9.639621267	135	9.962820781	3700.037147	39831.68987	0.8
6806.006254	65290.36038	219.7870585	242.4625577	0.3754358969	-1286.812318	-3	0.05283232895	9.692453596	136	10.03026215	3687.683406	39812.29392	0.9288858046
6784.559382	65290.30755	219.7870585	242.3860902	0.3752884651	-1286.406485	-3	0.05286074408	9.74531434	137	10.09761286	3689.882069	39812.53034	0.9289355117
6763.119274	65290.25469	219.7870585	242.3096802	0.3751411567	-1286.000957	-3	0.05288912152	9.798203461	138	10.16494233	3692.078195	39812.76645	0.9289851664
6741.685925	65290.2018	219.7870585	242.2333277	0.3749939714	-1285.595734	-3	0.05291746135	9.851120923	139	10.23225057	3694.27179	39813.00226	0.8
6720.259329	65290.14888	219.5588022	241.9073475	0.3744604091	-1283.865672	-3	0.05272858189	9.903849504	140	10.29953761	3682.00174	39793.71714	0.8
6698.861568	65290.09615	219.3304848	241.5815752	0.373927292	-1282.136713	-3	0.05254156838	9.956391073	141	10.36673409	3669.85533	39774.56987	0.8
6677.492623	65290.04361	219.1021064	241.2560102	0.3733946191	-1280.408854	-3	0.05235642803	10.0087475	142	10.43384009	3657.833163	39755.56105	0.8
6656.152475	65289.99125	218.873667	240.9306523	0.3728623895	-1278.682095	-3	0.0521731681	10.06092067	143	10.50085564	3645.935846	39736.69126	0.8
6634.841107	65289.93908	218.6451667	240.605501	0.3723306022	-1276.956431	-3	0.05199179586	10.11291246	144	10.56778083	3634.163987	39717.96106	0.8
6613.5585	65289.88709	218.4166054	240.2805558	0.3717992563	-1275.231862	-3	0.05181231861	10.16472478	145	10.63461569	3622.518197	39699.37104	0.8
6592.304635	65289.83528	218.1879832	239.9558164	0.3712683507	-1273.508385	-3	0.05163474368	10.21635953	146	10.70136029	3610.999088	39680.9218	0.8
6571.079495	65289.78364	217.9593003	239.6312823	0.3707378846	-1271.785997	-3	0.05145907844	10.26781861	147	10.76801468	3599.607278	39662.61391	0.8
6549.883062	65289.73218	217.7305565	239.3069531	0.370207857	-1270.064697	-3	0.05128533027	10.31910394	148	10.83457892	3588.343384	39644.44797	0.8
6528.715317	65289.6809	217.5017519	238.9828284	0.369678267	-1268.344483	-3	0.0511135066	10.37021744	149	10.90105308	3577.208028	39626.42457	0.8
6507.576242	65289.62978	217.2728866	238.6589078	0.3691491135	-1266.625351	-3	0.05094361489	10.42116106	150	10.9674372	3566.201834	39608.54431	0.8
6486.46582	65289.57884	217.0439607	238.3351909	0.3686203957	-1264.907301	-3	0.05077566262	10.47193672	151	11.03373134	3555.325427	39590.80779	0.8
6465.384032	65289.52806	216.814974	238.0116772	0.3680921126	-1263.190329	-3	0.05060965729	10.52254638	152	11.09993556	3544.579437	39573.21561	0.8
6444.330859	65289.47745	216.5859268	237.6883664	0.3675642633	-1261.474434	-3	0.05044560646	10.57299198	153	11.16604991	3533.964496	39555.76837	0.8
6423.306286	65289.42701	216.356819	237.365258	0.3670368469	-1259.759613	-3	0.05028351771	10.6232755	154	11.23207446	3523.481238	39538.46668	0.8
6402.310292	65289.37672	216.1276507	237.0423516	0.3665098623	-1258.045864	-3	0.05012339864	10.6733989	155	11.29800925	3513.130299	39521.31115	0.8
6381.342861	65289.3266	215.898422	236.7196469	0.3659833087	-1256.333186	-3	0.0499652569	10.72336416	156	11.36385435	3502.912321	39504.3024	0.8
6360.403975	65289.27664	215.6691327	236.3971434	0.3654571851	-1254.621575	-3	0.04980910015	10.77317326	157	11.42960981	3492.827945	39487.44103	0.8
6339.493615	65289.22683	215.4397831	236.0748407	0.3649314906	-1252.91103	-3	0.04965493611	10.82282819	158	11.49527568	3482.877817	39470.72767	0.8
6318.611764	65289.17717	215.2103731	235.7527384	0.3644062243	-1251.201549	-3	0.04950277251	10.87233097	159	11.56085203	3473.062584	39454.16294	0.8
6297.758405	65289.12767	214.9809028	235.4308361	0.3638813853	-1249.493129	-3	0.04935261713	10.92168358	160	11.6263389	3463.382899	39437.74747	0.8
6276.93352	65289.07832	214.7513721	235.1091333	0.3633569726	-1247.785768	-3	0.04920447776	10.97088806	161	11.69173635	3453.839414	39421.48187	0.8
6256.13709	65289.02911	214.5217813	234.7876298	0.3628329853	-1246.079465	-3	0.04905836225	11.01994642	162	11.75704444	3444.432787	39405.36678	0.8
6235.369099	65288.98005	214.2921302	234.466325	0.3623094224	-1244.374216	-3	0.04891427847	11.0688607	163	11.82226323	3435.163677	39389.40284	0.8
6214.629529	65288.93114	214.062419	234.1452186	0.3617862831	-1242.67002	-3	0.04877223433	11.11763294	164	11.88739276	3426.032747	39373.59067	0.8
6193.918362	65288.88237	213.8326477	233.8243102	0.3612635665	-1240.966875	-3	0.04863223776	11.16626517	165	11.9524331	3417.040661	39357.93092	0.8
6173.235581	65288.83373	213.6028163	233.5035994	0.3607412716	-1239.264779	-3	0.04849429674	11.21475947	166	12.0173843	3408.188089	39342.42423	0.8
6152.581168	65288.78524	213.3729248	233.1830857	0.3602193976	-1237.563729	-3	0.04835841929	11.26311789	167	12.08224641	3399.475701	39327.07125	0.8
6131.955106	65288.73688	213.1429733	232.8627688	0.3596979434	-1235.863723	-3	0.04822461344	11.3113425	168	12.14701949	3390.904172	39311.87262	0.8
6111.357377	65288.68866	212.9129619	232.5426483	0.3591769083	-1234.16476	-3	0.04809288729	11.35943539	169	12.21170359	3382.47418	39296.82899	0.8
6090.787964	65288.64056	212.6828906	232.2227237	0.3586562912	-1232.466836	-3	0.04796324894	11.40739864	170	12.27629877	3374.186404	39281.94102	0.8
6070.24685	65288.5926	212.4527594	231.9029948	0.3581360914	-1230.769951	-3	0.04783570655	11.45523435	171	12.34080509	3366.041528	39267.20936	0.8
6049.734018	65288.54477	212.2225684	231.583461	0.3576163078	-1229.074101	-3	0.0477102683	11.50294461	172	12.40522258	3358.04024	39252.63468	0.8
6029.249449	65288.49706	211.9923175	231.264122	0.3570969396	-1227.379286	-3	0.04758694243	11.55053156	173	12.46955132	3350.183227	39238.21763	0.8
6008.793128	65288.44947	211.762007	230.9449774	0.356577986	-1225.685502	-3	0.0474657372	11.59799729	174	12.53379136	3342.471184	39223.9589	0.8
5988.365036	65288.402	211.5316367	230.6260268	0.3560594459	-1223.992747	-3	0.04734666091	11.64534395	175	12.59794274	3334.904806	39209.85914	0.8
5967.965157	65288.35466	211.3012067	230.3072698	0.3555413185	-1222.30102	-3	0.04722972189	11.69257368	176	12.66200553	3327.484793	39195.91902	0.8
5947.593474	65288.30743	211.0707172	229.988706	0.3550236029	-1220.610319	-3	0.04711492852	11.7396886	177	12.72597977	3320.211846	39182.13924	0.8
5927.249968	65288.26031	210.840168	229.670335	0.3545062982	-1218.92064	-3	0.04700228921	11.78669089	178	12.78986552	3313.086672	39168.52045	0.8
5906.934624	65288.21331	210.6095593	229.3521564	0.3539894036	-1217.231983	-3	0.04689181242	11.83358271	179	12.85366283	3306.109979	39155.06336	0.8
5886.647424	65288.16642	210.3788911	229.0341699	0.3534729181	-1215.544346	-3	0.04678350664	11.88036621	180	12.91737177	3299.282479	39141.76864	0.8
5866.388352	65288.11963	210.1481635	228.716375	0.3529568408	-1213.857725	-3	0.0466773804	11.92704359	181	12.98099237	3292.604888	39128.63699	0.8
5846.15739	65288.07296	209.9173764	228.3987714	0.3524411709	-1212.172119	-3	0.04657344226	11.97361704	182	13.04452469	3286.077926	39115.66909	0.8
5825.954521	65288.02638	209.68653	228.0813586	0.3519259075	-1210.487527	-3	0.04647170084	12.02008874	183	13.1079688	3279.702313	39102.86565	0.8
5805.779729	65287.97991	209.4556243	227.7641363	0.3514110498	-1208.803945	-3	0.04637216479	12.0664609	184	13.17132473	3273.478775	39090.22737	0.8
5785.632997	65287.93354	209.2246592	227.4471041	0.3508965967	-1207.121372	-3	0.04627484279	12.11273574	185	13.23459255	3267.408042	39077.75494	0.8
5765.514307	65287.88726	208.993635	227.1302616	0.3503825475	-1205.439806	-3	0.04617974358	12.15891549	186	13.2977723	3261.490846	39065.44908	0.8
5745.423644	65287.84108	208.7625515	226.8136085	0.3498689013	-1203.759244	-3	0.04608687592	12.20500236	187	13.36086404	3255.727923	39053.3105	0.8
5725.36099	65287.795	208.5314089	226.4971442	0.3493556572	-1202.079686	-3	0.04599624864	12.25099861	188	13.42386782	3250.120012	39041.3399	0.8
5705.326328	65287.749	208.3002071	226.1808685	0.3488428143	-1200.401128	-3	0.04590787057	12.29690648	189	13.48678369	3244.667856	39029.53802	0.8
5685.319643	65287.70309	208.0689463	225.864781	0.3483303718	-1198.723568	-3	0.04582175063	12.34272823	190	13.54961171	3239.372202	39017.90556	0.8
5665.340917	65287.65727	207.8376265	225.5488813	0.3478183288	-1197.047006	-3	0.04573789774	12.38846613	191	13.61235193	3234.2338	39006.44326	0.8
5645.390133	65287.61153	207.6062477	225.2331689	0.3473066844	-1195.371438	-3	0.0456563209	12.43412245	192	13.67500439	3229.253403	38995.15184	0.8
5625.467276	65287.56588	207.37481	224.9176436	0.3467954378	-1193.696862	-3	0.04557702912	12.47969948	193	13.73756916	3224.431768	38984.03204	0.8
5605.572328	65287.5203	207.1433133	224.6023049	0.3462845881	-1192.023277	-3	0.04550003147	12.52519951	194	13.80004629	3219.769658	38973.08459	0.8
5585.705274	65287.4748	206.9117578	224.2871524	0.3457741344	-1190.35068	-3	0.04542533706	12.57062485	195	13.86243582	3215.267835	38962.31023	0.8
5565.866096	65287.42938	206.6801435	223.9721859	0.345264076	-1188.67907	-3	0.04535295505	12.6159778	196	13.9247378	3210.927069	38951.70971	0.8
5546.054778	65287.38402	206.4484705	223.6574048	0.3447544119	-1187.008445	-3	0.04528289464	12.6612607	197	13.9869523	3206.748132	38941.28377	0.8
5526.271304	65287.33874	206.2167387	223.3428089	0.3442451413	-1185.338802	-3	0.04521516507	12.70647586	198	14.04907936	3202.7318	38931.03317	0.8
5506.515657	65287.29352	205.9849482	223.0283977	0.3437362633	-1183.670139	-3	0.04514977564	12.75162564	199	14.11111902	3198.878852	38920.95865	0.8
5486.787821	65287.24837	205.7530992	222.7141708	0.343227777	-1182.002455	-3	0.04508673567	12.79671238	200	14.17307136	3195.190071	38911.06099	0.8
5467.087781	65287.20329	205.5211915	222.400128	0.3427196818	-1180.335747	-3	0.04502605455	12.84173843	201	14.2349364	3191.666247	38901.34093	0.8
5447.415518	65287.15826	205.2892253	222.0862687	0.3422119765	-1178.670014	-3	0.0449677417	12.88670617	202	14.29671422	3188.308168	38891.79925	0.8
5427.771018	65287.11329	205.0572006	221.7725927	0.3417046606	-1177.005253	-3	0.04491180661	12.93161798	203	14.35840485	3185.116632	38882.43672	0.8
5408.154264	65287.06838	204.8251174	221.4590996	0.341197733	-1175.341463	-3	0.04485825879	12.97647624	204	14.42000835	3182.092436	38873.25412	0.8
5388.565239	65287.02352	204.5929758	221.145789	0.340691193	-1173.678641	-3	0.0448071078	13.02128335	205	14.48152476	3179.236385	38864.25221	0.8
5369.003929	65286.97872	204.3607759	220.8326605	0.3401850397	-1172.016786	-3	0.04475836327	13.06604171	206	14.54295415	3176.549285	38855.43179	0.8
5349.470315	65286.93396	204.1285177	220.5197137	0.3396792722	-1170.355896	-3	0.04471203486	13.11075374	207	14.60429655	3174.031948	38846.79365	0.8
5329.964384	65286.88925	203.8962012	220.2069483	0.3391738898	-1168.695968	-3	0.04466813228	13.15542188	208	14.66555203	3171.685188	38838.33857	0.8
5310.486118	65286.84458	203.6638264	219.8943639	0.3386688916	-1167.037001	-3	0.3690567195	13.5244786	209	14.72672063	26211.43416	61871.99168	0.8
5291.035501	65286.47552	203.4313935	219.5819601	0.3381642768	-1165.378992	-3	0.3684139349	13.89289253	210	14.78780239	26172.12987	61826.42679	0.8
5271.612518	65286.10711	203.1989024	219.2697366	0.3376600445	-1163.72194	-3	0.3677747646	14.26066729	211	14.84879738	26133.05968	61781.1088	0.8
5252.217152	65285.73933	202.9663533	218.9576931	0.3371561939	-1162.065843	-3	0.3671392206	14.62780652	212	14.90970564	26094.22461	61736.03872	0.8
5232.849388	65285.37219	202.733746	218.645829	0.3366527242	-1160.410699	-3	0.3665073149	14.99431383	213	14.97052722	26055.62573	61691.21758	0.8
5213.50921	65285.00569	202.5010808	218.3341441	0.3361496345	-1158.756505	-3	0.3658790595	15.36019289	214	15.03126218	26017.26408	61646.6464	0.8
5194.196601	65284.63981	202.2683577	218.022638	0.3356469241	-1157.103261	-3	0.3652544666	15.72544736	215	15.09191055	25979.14072	61602.32621	0.8
5174.911547	65284.27455	202.0355766	217.7113103	0.3351445921	-1155.450963	-3	0.3646335482	16.0900809	216	15.15247239	25941.25671	61558.25805	0.8
5155.654031	65283.90992	201.8027377	217.4001607	0.3346426376	-1153.799611	-3	0.3640163166	16.45409722	217	15.21294776	25903.61312	61514.44296	0.8
5136.424037	65283.5459	201.5698409	217.0891888	0.33414106	-1152.149202	-3	0.3634027842	16.81750001	218	15.27333669	25866.21102	61470.882	0.8
5117.221551	65283.1825	201.3368864	216.7783942	0.3336398582	-1150.499733	-3	0.3627929631	17.18029297	219	15.33363924	25829.05148	61427.57621	0.8
5098.046555	65282.81971	201.1038742	216.4677767	0.3331390316	-1148.851204	-3	0.3621868659	17.54247983	220	15.39385547	25792.1356	61384.52664	0.8
5078.899035	65282.45752	200.8708042	216.1573357	0.3326385793	-1147.203613	-3	0.3615845051	17.90406434	221	15.4539854	25755.46445	61341.73438	0.8
5059.778975	65282.09594	200.6376767	215.8470709	0.3321385005	-1145.556956	-3	0.360985893	18.26505023	222	15.51402911	25719.03912	61299.20047	0.8
5040.686359	65281.73495	200.4044915	215.5369821	0.3316387944	-1143.911234	-3	0.3603910424	18.62544128	223	15.57398663	25682.86073	61256.926	0.8
5021.621172	65281.37456	200.1712488	215.2270688	0.3311394602	-1142.266442	-3	0.3597999659	18.98524124	224	15.63385801	25646.93037	61214.91204	0.8
5002.583398	65281.01476	199.9379487	214.9173306	0.3306404971	-1140.622581	-3	0.3592126762	19.34445392	225	15.69364331	25611.24914	61173.15969	0.8
4983.573021	65280.65555	199.704591	214.6077673	0.3301419042	-1138.979647	-3	0.3586291862	19.7030831	226	15.75334257	25575.81817	61131.67002	0.8
4964.590027	65280.29692	199.471176	214.2983784	0.3296436808	-1137.337639	-3	0.3580495085	20.06113261	227	15.81295584	25540.63857	61090.44414	0.8
4945.6344	65279.93887	199.2377036	213.9891635	0.329145826	-1135.696555	-3	0.3574736563	20.41860627	228	15.87248316	25505.71147	61049.48314	0.8
4926.706124	65279.58139	199.0041739	213.6801225	0.3286483391	-1134.056393	-3	0.3569016424	20.77550791	229	15.9319246	25471.038	61008.78814	0.8
4907.805184	65279.22449	198.770587	213.3712548	0.3281512193	-1132.417151	-3	0.3563334799	21.13184139	230	15.99128019	25436.61929	60968.36024	0.8
4888.931565	65278.86816	198.5369428	213.0625601	0.3276544657	-1130.778828	-3	0.355769182	21.48761057	231	16.05054998	25402.45649	60928.20056	0.8
4870.085251	65278.51239	198.3032415	212.7540381	0.3271580776	-1129.141421	-3	0.3552087618	21.84281933	232	16.10973402	25368.55075	60888.31024	0.8
4851.266227	65278.15718	198.0694831	212.4456884	0.3266620541	-1127.504928	-3	0.3546522325	22.19747157	233	16.16883237	25334.90321	60848.69039	0.8
4832.474479	65277.80253	197.8356675	212.1375106	0.3261663945	-1125.869348	-3	0.3540996076	22.55157117	234	16.22784506	25301.51504	60809.34215	0.8
4813.70999	65277.44843	197.601795	211.8295045	0.325671098	-1124.234679	-3	0.3535509004	22.90512208	235	16.28677215	25268.38741	60770.26666	0.8
4794.972745	65277.09488	197.3678655	211.5216696	0.3251761638	-1122.600918	-3	0.3530061243	23.2581282	236	16.34561367	25235.52147	60731.46508	0.8
4776.26273	65276.74187	197.1338791	211.2140056	0.3246815911	-1120.968065	-3	0.3524652929	23.61059349	237	16.40436969	25202.91842	60692.93855	0.8
4757.579928	65276.38941	196.8998357	210.9065121	0.3241873792	-1119.336117	-3	0.3519284198	23.96252191	238	16.46304025	25170.57944	60654.68823	0.8
4738.924327	65276.03748	196.6657356	210.5991889	0.3236935271	-1117.705071	-3	0.3513955187	24.31391743	239	16.52162539	25138.5057	60616.7153	0.8
4720.295909	65275.68608	196.4315787	210.2920355	0.3232000342	-1116.074928	-3	0.3508666033	24.66478403	240	16.58012517	25106.69841	60579.02091	0.8
4701.69466	65275.33522	196.197365	209.9850515	0.3227068997	-1114.445684	-3	0.3503416875	25.01512572	241	16.63853962	25075.15878	60541.60625	0.8
4683.120565	65274.98487	195.9630946	209.6782368	0.3222141228	-1112.817337	-3	0.3498207851	25.36494651	242	16.6968688	25043.888	60504.47251	0.8
4664.57361	65274.63505	195.7287676	209.3715908	0.3217217026	-1111.189887	-3	0.3493039102	25.71425042	243	16.75511276	25012.88728	60467.62087	0.8
4646.053778	65274.28575	195.494384	209.0651132	0.3212296385	-1109.56333	-3	0.3487910768	26.06304149	244	16.81327153	24982.15786	60431.05253	0.8
4627.561056	65273.93696	195.2599439	208.7588038	0.3207379297	-1107.937666	-3	0.348282299	26.41132379	245	16.87134518	24951.70096	60394.76869	0.8
4609.095428	65273.58868	195.0254473	208.4526621	0.3202465753	-1106.312892	-3	0.347777591	26.75910138	246	16.92933373	24921.5178	60358.77056	0.8
4590.65688	65273.2409	194.7908942	208.1466879	0.3197555746	-1104.689006	-3	0.347276967	27.10637835	247	16.98723725	24891.60963	60323.05936	0.8
4572.245397	65272.89362	194.5562847	207.8408807	0.3192649269	-1103.066007	-3	0.3467804416	27.45315879	248	17.04505577	24861.9777	60287.63631	0.8
4553.860963	65272.54684	194.3216189	207.5352402	0.3187746314	-1101.443893	-3	0.346288029	27.79944682	249	17.10278935	24832.62325	60252.50265	0.8
4535.503565	65272.20055	194.0868968	207.2297661	0.3182846872	-1099.822662	-3	0.3457997438	28.14524656	250	17.16043803	24803.54754	60217.65959	0.8
4517.173187	65271.85475	193.8521184	206.924458	0.3177950937	-1098.202312	-3	0.3453156005	28.49056217	251	17.21800185	24774.75184	60183.1084	0.8
4498.869815	65271.50944	193.6172839	206.6193156	0.31730585	-1096.582841	-3	0.344835614	28.83539778	252	17.27548087	24746.23743	60148.85031	0.8
4480.593435	65271.1646	193.3823931	206.3143385	0.3168169555	-1094.964248	-3	0.3443597988	29.17975758	253	17.33287512	24718.00558	60114.88658	0.8
4462.34403	65270.82024	193.1474463	206.0095265	0.3163284092	-1093.346531	-3	0.3438881699	29.52364575	254	17.39018466	24690.05757	60081.21848	0.8
4444.121588	65270.47635	192.9124434	205.7048791	0.3158402106	-1091.729687	-3	0.3434207422	29.86706649	255	17.44740953	24662.3947	60047.84728	0.8
4425.926094	65270.13293	192.6773845	205.400396	0.3153523588	-1090.113716	-3	0.3429575307	30.21002402	256	17.50454977	24635.01827	60014.77425	0.8
4407.757532	65269.78998	192.4422697	205.0960769	0.314864853	-1088.498615	-3	0.3424985504	30.55252257	257	17.56160544	24607.92959	59982.00068	0.8
4389.615888	65269.44748	192.207099	204.7919215	0.3143776926	-1086.884382	-3	0.3420438165	30.89456639	258	17.61857657	24581.12996	59949.52785	0.8
4371.501148	65269.10543	191.9718724	204.4879293	0.3138908767	-1085.271016	-3	0.3415933443	31.23615973	259	17.67546322	24554.62071	59917.35707	0.8
4353.413298	65268.76384	191.7365899	204.1841002	0.3134044047	-1083.658515	-3	0.3411471491	31.57730688	260	17.73226542	24528.40317	59885.48964	0.8
4335.352323	65268.42269	191.5012518	203.8804336	0.3129182756	-1082.046877	-3	0.3407052464	31.91801213	261	17.78898323	24502.47867	59853.92687	0.8
4317.318208	65268.08199	191.2658579	203.5769294	0.3124324889	-1080.4361	-3	0.3402676516	32.25827978	262	17.84561668	24476.84856	59822.67008	0.8
4299.31094	65267.74172	191.0304084	203.273587	0.3119470437	-1078.826183	-3	0.3398343804	32.59811416	263	17.90216583	24451.51418	59791.72061	0.8
4281.330503	65267.40189	190.7949032	202.9704063	0.3114619394	-1077.217124	-3	0.3394054484	32.93751961	264	17.95863071	24426.47689	59761.07978	0.8
4263.376885	65267.06248	190.5593425	202.6673869	0.310977175	-1075.60892	-3	0.3389808715	33.27650048	265	18.01501138	24401.73806	59730.74894	0.8
4245.450069	65266.7235	190.3237263	202.3645285	0.31049275	-1074.001571	-3	0.3385606654	33.61506114	266	18.07130788	24377.29905	59700.72943	0.8
4227.550043	65266.38494	190.0880547	202.0618306	0.3100086636	-1072.395074	-3	0.3381448462	33.95320599	267	18.12752025	24353.16125	59671.02262	0.8
4209.676792	65266.04679	189.8523276	201.759293	0.309524915	-1070.789428	-3	0.33773343	34.29093942	268	18.18364853	24329.32605	59641.62987	0.8
4191.830301	65265.70906	189.6165452	201.4569154	0.3090415035	-1069.184631	-3	0.3373264328	34.62826585	269	18.23969278	24305.79484	59612.55256	0.8
4174.010558	65265.37173	189.3807075	201.1546974	0.3085584284	-1067.580681	-3	0.3369238709	34.96518972	270	18.29565303	24282.56902	59583.79205	0.8
4156.217546	65265.03481	189.1448145	200.8526387	0.3080756889	-1065.977576	-3	0.3365257606	35.30171549	271	18.35152934	24259.65	59555.34975	0.8
4138.451253	65264.69828	188.9088663	200.5507389	0.3075932842	-1064.375315	-3	0.3361321184	35.6378476	272	18.40732174	24237.03921	59527.22705	0.9504752188
4120.711665	65264.36215	188.9088663	200.4986938	0.3074941592	-1064.099098	-3	0.3361349284	35.97398253	273	18.46303028	24238.23617	59527.14799	0.9505046921
4102.97668	65264.02602	188.9088663	200.4466812	0.3073951029	-1063.823053	-3	0.3361377287	36.31012026	274	18.51872436	24239.43191	59527.06878	0.9505341383
4085.246296	65263.68988	188.9088663	200.3947012	0.307296115	-1063.547182	-3	0.3361405191	36.64626078	275	18.57440399	24240.62642	59526.98941	0.9505635577
4067.520509	65263.35374	188.9088663	200.3427538	0.3071971957	-1063.271483	-3	0.3361432998	36.98240408	276	18.63006919	24241.8197	59526.9099	0.9505929501
4049.799318	65263.0176	188.9088663	200.2908388	0.3070983448	-1062.995957	-3	0.3361460707	37.31855015	277	18.68571995	24243.01175	59526.83024	0.9506223156
4032.082719	65262.68145	188.9088663	200.2389562	0.3069995622	-1062.720603	-3	0.3361488319	37.65469898	278	18.7413563	24244.20258	59526.75042	0.9506516542
4014.370709	65262.3453	188.9088663	200.1871061	0.3069008479	-1062.44542	-3	0.3361515834	37.99085057	279	18.79697823	24245.39219	59526.67046	0.950680966
3996.663285	65262.00915	188.9088663	200.1352884	0.3068022018	-1062.17041	-3	0.3361543252	38.32700489	280	18.85258576	24246.58058	59526.59034	0.9507102511
3978.960445	65261.673	188.9088663	200.0835031	0.3067036238	-1061.895572	-3	0.3361570574	38.66316195	281	18.90817889	24247.76774	59526.51008	0.9507395093
3961.262185	65261.33684	188.9088663	200.03175	0.3066051138	-1061.620905	-3	0.3361597798	38.99932173	282	18.96375765	24248.95369	59526.42966	0.9507687409
3943.568503	65261.00068	188.9088663	199.9800293	0.3065066718	-1061.346409	-3	0.3361624926	39.33548422	283	19.01932202	24250.13842	59526.3491	0.9507979457
3925.879397	65260.66452	188.9088663	199.9283409	0.3064082978	-1061.072085	-3	0.3361651958	39.67164942	284	19.07487203	24251.32194	59526.26838	0.9508271239
3908.194862	65260.32835	188.9088663	199.8766846	0.3063099916	-1060.797932	-3	0.3361678894	40.00781731	285	19.13040768	24252.50424	59526.18752	0.9508562754
3890.514896	65259.99218	188.9088663	199.8250606	0.3062117531	-1060.52395	-3	0.3361705734	40.34398788	286	19.18592898	24253.68533	59526.10651	0.9508854003
3872.839497	65259.65601	188.9088663	199.7734687	0.3061135824	-1060.250138	-3	0.3361732478	40.68016113	287	19.24143594	24254.86521	59526.02535	0.9509144987
3855.168661	65259.31984	188.9088663	199.721909	0.3060154793	-1059.976498	-3	0.3361759126	41.01633704	288	19.29692857	24256.04388	59525.94404	0.9509435705
3837.502387	65258.98366	188.9088663	199.6703814	0.3059174437	-1059.703027	-3	0.3361785679	41.35251561	289	19.35240688	24257.22135	59525.86258	0.9509726159
3819.840669	65258.64748	188.9088663	199.6188859	0.3058194756	-1059.429727	-3	0.3361812137	41.68869682	290	19.40787087	24258.3976	59525.78097	0.9510016347
3802.183507	65258.3113	188.9088663	199.5674224	0.3057215749	-1059.156597	-3	0.33618385	42.02488067	291	19.46332056	24259.57266	59525.69922	0.9510306271
3784.530897	65257.97512	188.9088663	199.515991	0.3056237416	-1058.883636	-3	0.3361864768	42.36106715	292	19.51875596	24260.74651	59525.61731	0.9510595931
3766.882837	65257.63893	188.9088663	199.4645915	0.3055259756	-1058.610846	-3	0.3361890941	42.69725624	293	19.57417707	24261.91916	59525.53526	0.9510885328
3749.239323	65257.30274	188.9088663	199.413224	0.3054282767	-1058.338225	-3	0.3361917019	43.03344794	294	19.6295839	24263.09062	59525.45306	0.8
3731.600352	65256.96655	188.6715928	199.1121919	0.304948225	-1056.740569	-3	0.3357990522	43.369247	295	19.68497646	24240.51001	59497.42796	0.8
3713.988009	65256.63075	188.4342641	198.8113165	0.3044685026	-1055.143744	-3	0.3354109557	43.70465795	296	19.7402854	24218.24443	59469.72911	0.8
3696.40228	65256.29534	188.1968801	198.5105974	0.303989109	-1053.547749	-3	0.3350274292	44.03968538	297	19.79551077	24196.29535	59442.35796	0.8
3678.843151	65255.96031	187.9594411	198.2100342	0.3035100433	-1051.952582	-3	0.3346484898	44.37433387	298	19.8506526	24174.66423	59415.31595	0.8
3661.310608	65255.62567	187.7219469	197.9096268	0.3030313049	-1050.358241	-3	0.3342741546	44.70860803	299	19.90571094	24153.35256	59388.60454	0.8
3643.804637	65255.29139	187.4843978	197.6093747	0.3025528931	-1048.764724	-3	0.333904441	45.04251247	300	19.96068584	24132.36181	59362.2252	0.8
3626.325225	65254.95749	187.2467936	197.3092776	0.302074807	-1047.17203	-3	0.3335393661	45.37605183	301	20.01557733	24111.6935	59336.17941	0.8
3608.872358	65254.62395	187.0091345	197.0093352	0.3015970461	-1045.580157	-3	0.3331789475	45.70923078	302	20.07038547	24091.34911	59310.46863	0.8
3591.446022	65254.29077	186.7714205	196.7095471	0.3011196095	-1043.989104	-3	0.3328232026	46.04205398	303	20.12511028	24071.33016	59285.09438	0.8
3574.046204	65253.95795	186.5336517	196.4099131	0.3006424967	-1042.398868	-3	0.3324721492	46.37452613	304	20.17975182	24051.63819	59260.05813	0.8
3556.672889	65253.62547	186.2958282	196.1104329	0.3001657068	-1040.809447	-3	0.332125805	46.70665194	305	20.23431013	24032.2747	59235.36142	0.8
3539.326065	65253.29335	186.0579499	195.811106	0.2996892392	-1039.220841	-3	0.3317841879	47.03843612	306	20.28878525	24013.24125	59211.00575	0.8
3522.005718	65252.96156	185.8200169	195.5119323	0.2992130931	-1037.633048	-3	0.3314473157	47.36988344	307	20.34317723	23994.53939	59186.99265	0.8
3504.711834	65252.63012	185.5820293	195.2129112	0.2987372679	-1036.046065	-3	0.3311152067	47.70099865	308	20.3974861	23976.17067	59163.32365	0.8
3487.444399	65252.299	185.3439872	194.9140427	0.2982617628	-1034.459891	-3	0.3307878791	48.03178653	309	20.45171191	23958.13666	59140.00032	0.8
3470.203401	65251.96821	185.1058905	194.6153262	0.2977865772	-1032.874525	-3	0.330465351	48.36225188	310	20.50585469	23940.43893	59117.02419	0.8
3452.988826	65251.63775	184.8677394	194.3167616	0.2973117103	-1031.289964	-3	0.3301476409	48.69239952	311	20.55991451	23923.07907	59094.39683	0.8
3435.80066	65251.3076	184.6295339	194.0183485	0.2968371614	-1029.706207	-3	0.3298347674	49.02223429	312	20.61389139	23906.05868	59072.11982	0.8
3418.63889	65250.97777	184.391274	193.7200865	0.2963629298	-1028.123253	-3	0.3295267491	49.35176103	313	20.66778537	23889.37935	59050.19474	0.8
3401.503502	65250.64824	184.1529599	193.4219754	0.2958890149	-1026.541099	-3	0.3292236047	49.68098464	314	20.72159651	23873.04271	59028.62318	0.8
3384.394484	65250.31902	183.9145914	193.1240148	0.295415416	-1024.959744	-3	0.3289253531	50.00990999	315	20.77532483	23857.05038	59007.40675	0.8
3367.311821	65249.99009	183.6761688	192.8262045	0.2949421322	-1023.379187	-3	0.3286320133	50.33854201	316	20.82897039	23841.40398	58986.54706	0.8
3350.255502	65249.66146	183.4376921	192.528544	0.294469163	-1021.799425	-3	0.3283436044	50.66688561	317	20.88253323	23826.10517	58966.04573	0.8
3333.225511	65249.33311	183.1991613	192.2310332	0.2939965077	-1020.220457	-3	0.3280601457	50.99494576	318	20.93601338	23811.1556	58945.90439	0.8
3316.221837	65249.00505	182.9605764	191.9336716	0.2935241655	-1018.642281	-3	0.3277816564	51.32272741	319	20.98941089	23796.55692	58926.12469	0.8
3299.244466	65248.67727	182.7219375	191.636459	0.2930521358	-1017.064896	-3	0.3275081561	51.65023557	320	21.0427258	23782.31081	58906.70827	0.8
3282.293384	65248.34976	182.4832448	191.339395	0.2925804179	-1015.488299	-3	0.3272396643	51.97747523	321	21.09595815	23768.41896	58887.6568	0.8
3265.368579	65248.02252	182.2444981	191.0424794	0.2921090111	-1013.91249	-3	0.3269762007	52.30445143	322	21.14910798	23754.88306	58868.97196	0.8
3248.470037	65247.69555	182.0056977	190.7457118	0.2916379146	-1012.337467	-3	0.3267177852	52.63116922	323	21.20217533	23741.70481	58850.65542	0.8
3231.597746	65247.36883	181.7668434	190.4490919	0.2911671279	-1010.763228	-3	0.3264644376	52.95763366	324	21.25516025	23728.88593	58832.70888	0.8
3214.751692	65247.04237	181.5279355	190.1526195	0.2906966503	-1009.189771	-3	0.3262161782	53.28384983	325	21.30806278	23716.42814	58815.13404	0.8
3197.931863	65246.71615	181.2889739	189.8562941	0.2902264809	-1007.617094	-3	0.3259730271	53.60982286	326	21.36088295	23704.33317	58797.93262	0.8
3181.138245	65246.39018	181.0499587	189.5601155	0.2897566193	-1006.045197	-3	0.3257350047	53.93555787	327	21.41362081	23692.60278	58781.10634	0.8
3164.370825	65246.06444	180.8108899	189.2640834	0.2892870646	-1004.474077	-3	0.3255021314	54.26106	328	21.4662764	23681.23871	58764.65694	0.8
3147.62959	65245.73894	180.5717677	188.9681974	0.2888178163	-1002.903733	-3	0.3252744277	54.58633443	329	21.51884975	23670.24274	58748.58617	0.8
3130.914528	65245.41367	180.332592	188.6724573	0.2883488736	-1001.334162	-3	0.3250519146	54.91138634	330	21.57134092	23659.61665	58732.89579	0.8
3114.225625	65245.08861	180.0933629	188.3768628	0.2878802358	-999.7653647	-3	0.3248346127	55.23622095	331	21.62374994	23649.36222	58717.58756	0.8
3097.562869	65244.76378	179.8540805	188.0814135	0.2874119023	-998.1973378	-3	0.3246225432	55.5608435	332	21.67607684	23639.48125	58702.66326	0.8
3080.926247	65244.43916	179.6147449	187.7861091	0.2869438725	-996.6300802	-3	0.3244157271	55.88525922	333	21.72832168	23629.97556	58688.12469	0.8
3064.315746	65244.11474	179.375356	187.4909494	0.2864761455	-995.0635901	-3	0.3242141857	56.20947341	334	21.78048449	23620.84697	58673.97364	0.8
3047.731352	65243.79053	179.1359139	187.195934	0.2860087209	-993.497866	-3	0.3240179404	56.53349135	335	21.83256531	23612.09732	58660.21195	0.8
3031.173055	65243.46651	178.8964187	186.9010626	0.2855415978	-991.9329063	-3	0.3238270127	56.85731836	336	21.88456418	23603.72845	58646.84142	0.8
3014.64084	65243.14268	178.6568705	186.6063349	0.2850747757	-990.3687092	-3	0.3236414244	57.18095979	337	21.93648114	23595.74221	58633.8639	0.8
2998.134694	65242.81904	178.4172693	186.3117506	0.2846082538	-988.8052733	-3	0.3234611973	57.50442098	338	21.98831623	23588.14049	58621.28124	0.8
2981.654606	65242.49558	178.1776151	186.0173094	0.2841420315	-987.2425968	-3	0.3232863533	57.82770734	339	22.0400695	23580.92516	58609.09529	0.8
2965.200563	65242.17229	177.937908	185.723011	0.2836761081	-985.6806783	-3	0.3231169145	58.15082425	340	22.09174097	23574.09811	58597.30794	0.8
2948.772552	65241.84918	177.6981481	185.4288552	0.283210483	-984.119516	-3	0.3229529033	58.47377715	341	22.1433307	23567.66125	58585.92107	0.8
2932.37056	65241.52622	177.4583354	185.1348415	0.2827451555	-982.5591084	-3	0.3227943419	58.7965715	342	22.19483871	23561.61649	58574.93657	0.8
2915.994575	65241.20343	177.21847	184.8409697	0.2822801249	-980.9994539	-3	0.322641253	59.11921275	343	22.24626506	23555.96578	58564.35637	0.8
2899.644584	65240.88079	176.9785519	184.5472395	0.2818153906	-979.4405508	-3	0.3224936592	59.44170641	344	22.29760977	23550.71105	58554.18236	0.8
2883.320575	65240.55829	176.7385812	184.2536506	0.2813509519	-977.8823976	-3	0.3223515834	59.76405799	345	22.34887289	23545.85425	58544.41651	0.8
2867.022535	65240.23594	176.498558	183.9602027	0.2808868082	-976.3249927	-3	0.3222150486	60.08627304	346	22.40005446	23541.39735	58535.06074	0.8
2850.750452	65239.91373	176.2584822	183.6668955	0.2804229588	-974.7683345	-3	0.322084078	60.40835712	347	22.45115452	23537.34233	58526.11703	0.8
2834.504313	65239.59164	176.018354	183.3737287	0.279959403	-973.2124214	-3	0.3219586948	60.73031581	348	22.5021731	23533.6912	58517.58735	0.8
2818.284106	65239.26968	175.7781734	183.080702	0.2794961402	-971.6572518	-3	0.3218389225	61.05215474	349	22.55311025	23530.44594	58509.47367	0.8
2802.089818	65238.94785	175.5379405	182.7878151	0.2790331698	-970.1028241	-3	0.3217247847	61.37387952	350	22.603966	23527.60858	58501.77801	0.8
2785.921438	65238.62612	175.2976552	182.4950676	0.2785704911	-968.5491368	-3	0.3216163052	61.69549583	351	22.65474039	23525.18116	58494.50237	0.8
2769.778952	65238.3045	175.0573178	182.2024594	0.2781081034	-966.9961883	-3	0.321513508	62.01700933	352	22.70543347	23523.16572	58487.64878	0.8
2753.662349	65237.98299	174.8169282	181.9099901	0.2776460061	-965.443977	-3	0.3214164171	62.33842575	353	22.75604526	23521.56431	58481.21928	0.8
2737.571616	65237.66157	174.5764865	181.6176594	0.2771841985	-963.8925013	-3	0.3213250568	62.65975081	354	22.80657581	23520.37901	58475.21593	0.8
2721.506741	65237.34025	174.3359927	181.325467	0.2767226801	-962.3417596	-3	0.3212394515	62.98099026	355	22.85702516	23519.61191	58469.64078	0.8
2705.467712	65237.01901	174.0954469	181.0334126	0.27626145	-960.7917505	-3	0.3211596258	63.30214989	356	22.90739335	23519.26511	58464.49592	0.8
2689.454516	65236.69785	173.8548492	180.7414959	0.2758005078	-959.2424722	-3	0.3210856044	63.62323549	357	22.95768041	23519.34071	58459.78344	0.8
2673.467141	65236.37676	173.6141996	180.4497167	0.2753398528	-957.6939234	-3	0.3210174123	63.9442529	358	23.00788638	23519.84085	58455.50546	0.8
2657.505576	65236.05575	173.3734982	180.1580746	0.2748794843	-956.1461023	-3	0.3209550746	64.26520798	359	23.0580113	23520.76768	58451.66409	0.8
2641.569808	65235.73479	173.132745	179.8665693	0.2744194016	-954.5990075	-3	0.3208986165	64.58610659	360	23.10805521	23522.12333	58448.26147	0.8
2625.659824	65235.41389	172.8919401	179.5752006	0.2739596042	-953.0526373	-3	0.3208480635	64.90695466	361	23.15801814	23523.91	58445.29975	0.8
2609.775613	65235.09305	172.6510835	179.2839681	0.2735000914	-951.5069903	-3	0.3208034412	65.2277581	362	23.20790015	23526.12985	58442.78111	0.8
2593.917164	65234.77224	172.4101754	178.9928716	0.2730408626	-949.9620649	-3	0.3207647753	65.54852287	363	23.25770125	23528.7851	58440.70771	0.8
2578.084463	65234.45148	172.1692157	178.7019108	0.2725819171	-948.4178595	-3	0.3207320919	65.86925496	364	23.30742149	23531.87795	58439.08175	0.8
2562.277498	65234.13075	171.9282045	178.4110853	0.2721232543	-946.8743727	-3	0.320705417	66.18996038	365	23.35706091	23535.41063	58437.90545	0.8
2546.496259	65233.81004	171.6871418	178.1203949	0.2716648735	-945.3316027	-3	0.320684777	66.51064516	366	23.40661954	23539.3854	58437.18103	0.8
2530.740732	65233.48935	171.4460278	177.8298394	0.2712067742	-943.7895482	-3	0.3206701984	66.83131536	367	23.45609743	23543.8045	58436.91073	0.8
2515.010906	65233.16868	171.2048625	177.5394183	0.2707489557	-942.2482075	-3	0.3206617079	67.15197707	368	23.50549461	23548.67022	58437.09681	0.8
2499.306769	65232.84802	170.963646	177.2491315	0.2702914173	-940.7075792	-3	0.3206593324	67.4726364	369	23.55481111	23553.98485	58437.74153	0.8
2483.62831	65232.52736	170.7223782	176.9589786	0.2698341585	-939.1676617	-3	0.3206630988	67.7932995	370	23.60404698	23559.75068	58438.84719	0.8
2467.975515	65232.2067	170.4810593	176.6689593	0.2693771785	-937.6284535	-3	0.3206730346	68.11397253	371	23.65320226	23565.97005	58440.41608	0.8
2452.348374	65231.88603	170.2396893	176.3790734	0.2689204769	-936.089953	-3	0.3206891671	68.4346617	372	23.70227697	23572.64529	58442.45053	0.8
2436.746875	65231.56534	169.9982683	176.0893205	0.2684640529	-934.5521588	-3	0.3207115239	68.75537322	373	23.75127115	23579.77875	58444.95287	0.8
2421.171006	65231.24463	169.7567963	175.7997005	0.2680079059	-933.0150692	-3	0.320740133	69.07611335	374	23.80018485	23587.3728	58447.92545	0.8
2405.620755	65230.92389	169.5152734	175.5102129	0.2675520354	-931.4786829	-3	0.3207750222	69.39688838	375	23.8490181	23595.42984	58451.37065	0.8
2390.09611	65230.60311	169.2736996	175.2208576	0.2670964406	-929.9429981	-3	0.3208162199	69.7177046	376	23.89777094	23603.95226	58455.29083	0.8
2374.59706	65230.2823	169.0320751	174.9316341	0.266641121	-928.4080136	-3	0.3208637544	70.03856835	377	23.9464434	23612.94248	58459.68841	0.8
2359.123593	65229.96143	168.7903998	174.6425423	0.2661860759	-926.8737277	-3	0.3209176544	70.35948601	378	23.99503552	23622.40294	58464.5658	0.8
2343.675698	65229.64051	168.5486739	174.3535819	0.2657313048	-925.3401389	-3	0.3209779487	70.68046395	379	24.04354734	23632.33609	58469.92544	0.8
2328.253362	65229.31954	168.3068973	174.0647525	0.265276807	-923.8072457	-3	0.3210446663	71.00150862	380	24.09197889	23642.7444	58475.76977	0.8
2312.856575	65228.99849	168.0650702	173.7760539	0.2648225818	-922.2750466	-3	0.3211178366	71.32262646	381	24.14033021	23653.63036	58482.10126	0.8
2297.485324	65228.67737	167.8231925	173.4874858	0.2643686287	-920.7435402	-3	0.3211974888	71.64382395	382	24.18860134	23664.99648	58488.92241	0.8
2282.139598	65228.35618	167.5812644	173.1990479	0.2639149471	-919.2127248	-3	0.3212836528	71.9651076	383	24.2367923	23676.84527	58496.23572	0.8
2266.819386	65228.03489	167.339286	172.91074	0.2634615363	-917.6825991	-3	0.3213763583	72.28648396	384	24.28490315	23689.17928	58504.0437	0.8
2251.524676	65227.71352	167.0972572	172.6225617	0.2630083958	-916.1531614	-3	0.3214756354	72.60795959	385	24.33293391	23702.00106	58512.34889	0.8
2236.255457	65227.39204	166.8551781	172.3345128	0.2625555248	-914.6244104	-3	0.3215815145	72.92954111	386	24.38088462	23715.3132	58521.15386	0.8
2221.011717	65227.07046	166.6130488	172.046593	0.2621029229	-913.0963445	-3	0.3216940261	73.25123513	387	24.42875532	23729.11828	58530.46118	0.8
2205.793444	65226.74876	166.3708694	171.758802	0.2616505894	-911.5689623	-3	0.3218132009	73.57304833	388	24.47654604	23743.41892	58540.27344	0.8
2190.600628	65226.42695	166.1286399	171.4711395	0.2611985237	-910.0422622	-3	0.3219390698	73.8949874	389	24.52425682	23758.21774	58550.59326	0.8
2175.433257	65226.10501	165.8863604	171.1836053	0.2607467252	-908.5162428	-3	0.3220716642	74.21705907	390	24.57188769	23773.51741	58561.42326	0.8
2160.29132	65225.78294	165.6440309	170.8961991	0.2602951932	-906.9909025	-3	0.3222110153	74.53927008	391	24.61943869	23789.32058	58572.7661	0.8
2145.174805	65225.46073	165.4016514	170.6089205	0.2598439272	-905.46624	-3	0.3223571549	74.86162724	392	24.66690986	23805.62995	58584.62445	0.8
2130.083701	65225.13837	165.1592221	170.3217694	0.2593929266	-903.9422537	-3	0.3225101148	75.18413735	393	24.71430123	23822.44823	58597.001	0.8
2115.017996	65224.81586	164.9167431	170.0347454	0.2589421908	-902.4189421	-3	0.3226699271	75.50680728	394	24.76161283	23839.77813	58609.89845	0.8
2099.977681	65224.49319	164.6742143	169.7478482	0.2584917191	-900.8963039	-3	0.3228366242	75.8296439	395	24.8088447	23857.62241	58623.31954	0.8
2084.962742	65224.17036	164.4316358	169.4610777	0.258041511	-899.3743374	-3	0.3230102386	76.15265414	396	24.85599688	23875.98383	58637.267	0.8
2069.97317	65223.84735	164.1890077	169.1744334	0.2575915658	-897.8530413	-3	0.3231908033	76.47584495	397	24.9030694	23894.86519	58651.74361	0.8
2055.008953	65223.52416	163.94633	168.8879152	0.257141883	-896.3324141	-3	0.3233783511	76.7992233	398	24.9500623	23914.26927	58666.75216	0.8
2040.070079	65223.20078	163.7036029	168.6015228	0.256692462	-894.8124543	-3	0.3235729156	77.12279621	399	24.99697561	23934.19892	58682.29545	0.8
2025.156538	65222.8772	163.4608263	168.3152558	0.2562433022	-893.2931604	-3	0.3237745302	77.44657074	400	25.04380937	23954.65698	58698.37632	0.8
2010.268319	65222.55343	163.2180003	168.029114	0.2557944029	-891.774531	-3	0.3239832287	77.77055397	401	25.09056361	23975.64632	58714.99761	0.8
1995.40541	65222.22945	162.975125	167.7430972	0.2553457637	-890.2565647	-3	0.3241990452	78.09475302	402	25.13723836	23997.16982	58732.16219	0.8
1980.567801	65221.90525	162.7322005	167.457205	0.2548973838	-888.73926	-3	0.324422014	78.41917503	403	25.18383367	24019.2304	58749.87297	0.8
1965.75548	65221.58082	162.4892267	167.1714372	0.2544492627	-887.2226153	-3	0.3246521697	78.7438272	404	25.23034956	24041.83098	58768.13284	0.8
1950.968436	65221.25617	162.2462039	166.8857935	0.2540013998	-885.7066294	-3	0.324889547	79.06871675	405	25.27678607	24064.97453	58786.94474	0.8
1936.206659	65220.93128	162.0031319	166.6002736	0.2535537945	-884.1913007	-3	0.3251341812	79.39385093	406	25.32314323	24088.66402	58806.31164	0.8
1921.470137	65220.60615	161.760011	166.3148773	0.2531064463	-882.6766278	-3	0.3253861075	79.71923704	407	25.36942108	24112.90244	58826.23651	0.8
1906.75886	65220.28076	161.5168411	166.0296043	0.2526593545	-881.1626093	-3	0.3256453616	80.0448824	408	25.41561966	24137.69281	58846.72234	0.8
1892.072817	65219.95512	161.2736222	165.7444544	0.2522125186	-879.6492436	-3	0.3259119794	80.37079438	409	25.461739	24163.03817	58867.77218	0.8
1877.411996	65219.62921	161.0303546	165.4594271	0.2517659379	-878.1365295	-3	0.3261859969	80.69698037	410	25.50777912	24188.9416	58889.38905	0.8
1862.776387	65219.30302	160.7870382	165.1745224	0.2513196119	-876.6244653	-3	0.3264674507	81.02344783	411	25.55374007	24215.40616	58911.57603	0.8
1848.165979	65218.97655	160.543673	164.8897398	0.25087354	-875.1130498	-3	0.3267563775	81.3502042	412	25.59962189	24242.43499	58934.33622	0.8
1833.580762	65218.6498	160.3002593	164.6050792	0.2504277217	-873.6022814	-3	0.3270528142	81.67725702	413	25.64542459	24270.0312	58957.67272	0.8
1819.020724	65218.32274	160.0567969	164.3205403	0.2499821562	-872.0921587	-3	0.3273567982	82.00461381	414	25.69114823	24298.19795	58981.58868	0.8
1804.485854	65217.99539	159.813286	164.0361228	0.2495368431	-870.5826804	-3	0.3276683669	82.33228218	415	25.73679282	24326.93844	59006.08725	0.8
1789.976143	65217.66772	159.5697266	163.7518264	0.2490917818	-869.073845	-3	0.3279875582	82.66026974	416	25.78235841	24356.25585	59031.17163	0.8
1775.491579	65217.33973	159.3261189	163.4676509	0.2486469717	-867.565651	-3	0.3283144103	82.98858415	417	25.82784503	24386.15342	59056.84503	0.8
1761.032152	65217.01142	159.0824627	163.1835959	0.2482024122	-866.058097	-3	0.3286489615	83.31723311	418	25.87325271	24416.6344	59083.11067	0.8
1746.59785	65216.68277	158.8387583	162.8996613	0.2477581027	-864.5511817	-3	0.3289912507	83.64622436	419	25.91858149	24447.70207	59109.97183	0.8
1732.188664	65216.35378	158.5950057	162.6158468	0.2473140427	-863.0449036	-3	0.3293413168	83.97556568	420	25.96383139	24479.35973	59137.43177	0.8
1717.804582	65216.02443	158.3512049	162.332152	0.2468702316	-861.5392613	-3	0.3296991991	84.30526488	421	26.00900246	24511.61071	59165.49383	0.8
1703.445594	65215.69474	158.107356	162.0485768	0.2464266687	-860.0342533	-3	0.3300649373	84.63532982	422	26.05409472	24544.45837	59194.16132	0.8
1689.11169	65215.36467	157.8634591	161.7651209	0.2459833537	-858.5298783	-3	0.3304385713	84.96576839	423	26.09910822	24577.90607	59223.43762	0.8
1674.802859	65215.03423	157.6195142	161.4817839	0.2455402858	-857.0261349	-3	0.3308201413	85.29658853	424	26.14404297	24611.95724	59253.3261	0.8
1660.51909	65214.70341	157.3755213	161.1985657	0.2450974645	-855.5230217	-3	0.3312096879	85.62779822	425	26.18889902	24646.61528	59283.83018	0.8
1646.260373	65214.3722	157.1314807	160.915466	0.2446548892	-854.0205371	-3	0.331607252	85.95940547	426	26.2336764	24681.88368	59314.9533	0.8
1632.026697	65214.04059	156.8873922	160.6324844	0.2442125594	-852.51868	-3	0.3320128748	86.29141834	427	26.27837514	24717.76589	59346.69893	0.8
1617.818052	65213.70858	156.643256	160.3496208	0.2437704744	-851.0174488	-3	0.3324265978	86.62384494	428	26.32299528	24754.26545	59379.07055	0.8
1603.634428	65213.37616	156.3990721	160.0668749	0.2433286338	-849.5168421	-3	0.3328484628	86.9566934	429	26.36753684	24791.38588	59412.07169	0.8
1589.475814	65213.04331	156.1548406	159.7842464	0.242887037	-848.0168586	-3	0.333278512	87.28997192	430	26.41199986	24829.13076	59445.7059	0.8
1575.3422	65212.71003	155.9105616	159.5017351	0.2424456833	-846.5174969	-3	0.3337167879	87.6236887	431	26.45638437	24867.50367	59479.97675	0.8
1561.233575	65212.37631	155.6662351	159.2193406	0.2420045723	-845.0187555	-3	0.3341633333	87.95785204	432	26.50069041	24906.50823	59514.88785	0.8
1547.149929	65212.04215	155.4218612	158.9370628	0.2415637033	-843.5206332	-3	0.3346181914	88.29247023	433	26.54491801	24946.1481	59550.44282	0.8
1533.091252	65211.70753	155.1774399	158.6549014	0.2411230758	-842.0231284	-3	0.3350814058	88.62755163	434	26.58906719	24986.42695	59586.64533	0.8
1519.057533	65211.37245	154.9329713	158.372856	0.2406826893	-840.5262399	-3	0.3355530203	88.96310465	435	26.633138	25027.34848	59623.49906	0.8
1505.048762	65211.0369	154.6884555	158.0909265	0.2402425432	-839.0299661	-3	0.3360330791	89.29913773	436	26.67713046	25068.91645	59661.00773	0.8
1491.06493	65210.70086	154.4438926	157.8091126	0.2398026368	-837.5343059	-3	0.3365216268	89.63565936	437	26.7210446	25111.1346	59699.1751	0.8
1477.106024	65210.36434	154.1992825	157.527414	0.2393629698	-836.0392577	-3	0.3370187083	89.97267807	438	26.76488047	25154.00673	59738.00493	0.8
1463.172037	65210.02732	153.9546253	157.2458305	0.2389235414	-834.5448202	-3	0.3375243688	90.31020244	439	26.80863808	25197.53668	59777.50104	0.8
1449.262956	65209.6898	153.7099212	156.9643618	0.2384843512	-833.050992	-3	0.3380386541	90.64824109	440	26.85231748	25241.72828	59817.66726	0.8
1435.378773	65209.35176	153.4651702	156.6830076	0.2380453985	-831.5577718	-3	0.3385616102	90.9868027	441	26.89591869	25286.58544	59858.50746	0.8
1421.519477	65209.0132	153.2203723	156.4017678	0.2376066829	-830.0651582	-3	0.3390932834	91.32589598	442	26.93944175	25332.11207	59900.02554	0.8
1407.685058	65208.6741	152.9755277	156.1206419	0.2371682038	-828.5731498	-3	0.3396337204	91.66552971	443	26.98288668	25378.3121	59942.22543	0.8
1393.875505	65208.33447	152.7306362	155.8396299	0.2367299606	-827.0817452	-3	0.3401829685	92.00571267	444	27.02625353	25425.18953	59985.11109	0.8
1380.09081	65207.99429	152.4856982	155.5587314	0.2362919528	-825.5909431	-3	0.3407410751	92.34645375	445	27.06954232	25472.74837	60028.68651	0.8
1366.33096	65207.65355	152.2407135	155.2779461	0.2358541798	-824.1007421	-3	0.3413080881	92.68776184	446	27.11275307	25520.99265	60072.95572	0.8
1352.595948	65207.31224	151.9956823	154.9972738	0.2354166411	-822.6111409	-3	0.3418840558	93.02964589	447	27.15588584	25569.92645	60117.92279	0.8
1338.885762	65206.97035	151.7506046	154.7167143	0.2349793362	-821.1221381	-3	0.342469027	93.37211492	448	27.19894064	25619.55389	60163.59179	0.8
1325.200393	65206.62789	151.5054805	154.4362673	0.2345422644	-819.6337324	-3	0.5957572886	93.96787221	449	27.2419175	44577.8627	79117.95046	0.8
1311.539831	65206.03213	151.26031	154.1559326	0.2341054252	-818.1459223	-3	0.5953337103	94.56320592	450	27.28481646	44556.38526	79092.39732	0.8
1297.904066	65205.43679	151.0150933	153.8757098	0.2336688181	-816.6587066	-3	0.5949205951	95.15812651	451	27.32763756	44535.67716	79067.62233	0.8
1284.293087	65204.84187	150.7698303	153.5955987	0.2332324425	-815.1720839	-3	0.5945179909	95.7526445	452	27.37038081	44515.74252	79043.62963	0.8
1270.706886	65204.24736	150.5245212	153.3155992	0.232796298	-813.6860528	-3	0.5941259464	96.34677045	453	27.41304625	44496.58553	79020.42336	0.8
1257.145452	65203.65323	150.279166	153.0357108	0.2323603839	-812.200612	-3	0.5937445102	96.94051496	454	27.45563392	44478.21039	78998.00772	0.8
1243.608775	65203.05949	150.0337647	152.7559334	0.2319246997	-810.7157602	-3	0.5933737318	97.53388869	455	27.49814384	44460.62135	78976.38693	0.8
1230.096846	65202.46611	149.7883175	152.4762668	0.2314892448	-809.2314959	-3	0.5930136608	98.12690235	456	27.54057604	44443.8227	78955.56526	0.8
1216.609654	65201.8731	149.5428244	152.1967106	0.2310540188	-807.747818	-3	0.5926643472	98.7195667	457	27.58293056	44427.81873	78935.547	0.8
1203.14719	65201.28043	149.2972854	151.9172646	0.2306190211	-806.264725	-3	0.5923258416	99.31189254	458	27.62520742	44412.61379	78916.33647	0.8
1189.709445	65200.68811	149.0517007	151.6379286	0.2301842511	-804.7822156	-3	0.5919981948	99.90389074	459	27.66740667	44398.21227	78897.93804	0.8
1176.296408	65200.09611	148.8060702	151.3587023	0.2297497083	-803.3002884	-3	0.5916814583	100.4955722	460	27.70952831	44384.61858	78880.3561	0.8
1162.90807	65199.50443	148.5603941	151.0795855	0.2293153922	-801.8189422	-3	0.5913756836	101.0869479	461	27.7515724	44371.83717	78863.59509	0.8
1149.544421	65198.91305	148.3146725	150.8005778	0.2288813022	-800.3381756	-3	0.5910809231	101.6780288	462	27.79353895	44359.87253	78847.65947	0.8
1136.205451	65198.32197	148.0689053	150.5216791	0.2284474378	-798.8579872	-3	0.5907972294	102.268826	463	27.835428	44348.72918	78832.55375	0.8
1122.891151	65197.73117	147.8230926	150.2428892	0.2280137985	-797.3783758	-3	0.5905246554	102.8593507	464	27.87723957	44338.41168	78818.28247	0.8
1109.601512	65197.14065	147.5772346	149.9642077	0.2275803836	-795.8993401	-3	0.5902632547	103.4496139	465	27.91897371	44328.92463	78804.8502	0.8
1096.336523	65196.55039	147.3313312	149.6856344	0.2271471928	-794.4208786	-3	0.5900130812	104.039627	466	27.96063043	44320.27265	78792.26157	0.8
1083.096175	65195.96037	147.0853826	149.407169	0.2267142255	-792.9429901	-3	0.5897741894	104.6294012	467	28.00220978	44312.46043	78780.52123	0.8
1069.880458	65195.3706	146.8393888	149.1288114	0.226281481	-791.4656733	-3	0.589546634	105.2189478	468	28.04371177	44305.49267	78769.63387	0.8
1056.689364	65194.78105	146.5933498	148.8505613	0.225848959	-789.9889268	-3	0.5893304704	105.8082783	469	28.08513644	44299.37412	78759.60421	0.8
1043.522882	65194.19172	146.3472658	148.5724183	0.2254166588	-788.5127493	-3	0.5891257544	106.3974041	470	28.12648382	44294.10957	78750.43704	0.8
1030.381003	65193.6026	146.1011368	148.2943823	0.22498458	-787.0371396	-3	0.5889325422	106.9863366	471	28.16775393	44289.70384	78742.13714	0.8
1017.263717	65193.01366	145.8549628	148.0164531	0.224552722	-785.5620962	-3	0.5887508906	107.5750875	472	28.20894682	44286.1618	78734.70939	0.8
1004.171015	65192.42491	145.608744	147.7386303	0.2241210842	-784.087618	-3	0.5885808567	108.1636684	473	28.2500625	44283.48836	78728.15865	0.8
991.1028884	65191.83633	145.3624804	147.4609138	0.2236896663	-782.6137035	-3	0.5884224983	108.7520909	474	28.29110101	44281.68846	78722.48986	0.8
978.0593266	65191.24791	145.116172	147.1833032	0.2232584675	-781.1403515	-3	0.5882758735	109.3403667	475	28.33206237	44280.7671	78717.708	0.8
965.0403208	65190.65963	144.869819	146.9057984	0.2228274875	-779.6675607	-3	0.5881410411	109.9285078	476	28.37294662	44280.72929	78713.81807	0.8
952.0458614	65190.07149	144.6234213	146.6283991	0.2223967256	-778.1953298	-3	0.5880180602	110.5165258	477	28.41375379	44281.58012	78710.82512	0.8
939.0759393	65189.48347	144.3769791	146.351105	0.2219661814	-776.7236575	-3	0.5879069904	111.1044328	478	28.4544839	44283.3247	78708.73425	0.8
926.130545	65188.89557	144.1304924	146.0739159	0.2215358543	-775.2525424	-3	0.5878078921	111.6922407	479	28.49513698	44285.96818	78707.55061	0.8
913.2096693	65188.30776	143.8839613	145.7968316	0.2211057439	-773.7819833	-3	0.587720826	112.2799615	480	28.53571307	44289.51576	78707.27937	0.8
900.3133029	65187.72004	143.6373859	145.5198518	0.2206758495	-772.3119789	-3	0.5876458532	112.8676074	481	28.57621219	44293.97269	78707.92575	0.8
887.4414366	65187.13239	143.3907662	145.2429762	0.2202461707	-770.8425279	-3	0.5875830356	113.4551904	482	28.61663437	44299.34426	78709.49503	0.8
874.5940611	65186.54481	143.1441022	144.9662047	0.219816707	-769.373629	-3	0.5875324355	114.0427229	483	28.65697964	44305.6358	78711.99253	0.8
861.7711673	65185.95728	142.8973941	144.689537	0.2193874578	-767.905281	-3	0.5874941157	114.630217	484	28.69724803	44312.85269	78715.4236	0.8
848.9727459	65185.36978	142.6506419	144.4129728	0.2189584227	-766.4374824	-3	0.5874681397	115.2176851	485	28.73743957	44321.00034	78719.79364	0.8
836.1987879	65184.78231	142.4038457	144.136512	0.218529601	-764.9702321	-3	0.5874545713	115.8051397	486	28.77755429	44330.08424	78725.10812	0.8
823.449284	65184.19486	142.1570056	143.8601541	0.2181009923	-763.5035288	-3	0.5874534752	116.3925932	487	28.81759221	44340.1099	78731.37252	0.8
810.7242252	65183.60741	141.9101216	143.5838991	0.2176725961	-762.0373711	-3	0.5874649164	116.9800581	488	28.85755336	44351.08288	78738.5924	0.8
798.0236024	65183.01994	141.6631937	143.3077467	0.2172444119	-760.5717578	-3	0.5874889605	117.567547	489	28.89743778	44363.00879	78746.77335	0.8
785.3474064	65182.43245	141.4162221	143.0316966	0.2168164391	-759.1066877	-3	0.5875256738	118.1550727	490	28.93724549	44375.89329	78755.921	0.8
772.6956283	65181.84493	141.1692068	142.7557486	0.2163886772	-757.6421594	-3	0.587575123	118.7426478	491	28.97697651	44389.7421	78766.04106	0.8
760.0682589	65181.25735	140.9221479	142.4799025	0.2159611258	-756.1781717	-3	0.5876373757	119.3302852	492	29.01663089	44404.56096	78777.13925	0.8
