Hp[ft]	ACMass[kg]	CAS[kt]	TAS[kt]	M[-]	ROCD[ft/min]	Grad[deg]	FuelFlow[kg/s]	Fuel[kg]	Time[s]	Distance[NM]	Thr[N]	D[N]	fM[-]
10000	49380	250	288.7023134	0.452275114	-1532.218816	-3	0.1521997666	0.1521997666	0	0	10261.45726	38407.50254	0.9016752257
9974.46302	49379.8478	250	288.5934003	0.4520618779	-1531.640786	-3	0.1522422289	0.3044419956	1	0.08019508706	10265.14412	38408.64894	0.4
9948.935673	49379.69556	248.6830565	286.9865391	0.4495024896	-1523.112752	-3	0.1487046002	0.4531465957	2	0.1603599205	10038.50413	38152.54034	0.4
9923.550461	49379.54685	247.3659525	285.3808323	0.4469456297	-1514.590845	-3	0.1452122307	0.5983588265	3	0.2400784036	9814.376554	37899.10278	0.4
9898.30728	49379.40164	246.0486879	283.7762737	0.4443912836	-1506.075032	-3	0.1417653996	0.7401242261	4	0.319350857	9592.789843	37648.3647	0.4
9873.206029	49379.25988	244.7312624	282.1728571	0.4418394366	-1497.565281	-3	0.1383643937	0.8784886198	5	0.3981775997	9373.773088	37400.35522	0.4
9848.246608	49379.12151	243.4136761	280.5705764	0.4392900739	-1489.061557	-3	0.1350095077	1.013498127	6	0.4765589489	9157.356049	37155.1041	0.4
9823.428915	49378.9865	242.0959286	278.9694255	0.4367431811	-1480.56383	-3	0.1317010447	1.145199172	7	0.5544952201	8943.569178	36912.64181	0.4
9798.752852	49378.8548	240.77802	277.369398	0.4341987435	-1472.072065	-3	0.1284393166	1.273638489	8	0.6319867272	8732.443637	36672.99952	0.4
9774.218317	49378.72636	239.4599501	275.770488	0.4316567464	-1463.58623	-3	0.1252246439	1.398863133	9	0.7090337822	8524.011329	36436.20913	0.4
9749.825213	49378.60114	238.1417189	274.1726891	0.4291171753	-1455.106293	-3	0.1220573566	1.520920489	10	0.7856366955	8318.304921	36202.30331	0.4
9725.573442	49378.47908	236.8233262	272.5759952	0.4265800156	-1446.63222	-3	0.1189377942	1.639858284	11	0.8617957758	8115.35787	35971.31553	0.4
9701.462905	49378.36014	235.5047721	270.9804002	0.4240452527	-1438.163979	-3	0.1158663061	1.75572459	12	0.93751133	7915.204456	35743.28007	0.4
9677.493505	49378.24428	234.1860565	269.3858978	0.4215128722	-1429.701537	-3	0.1128432518	1.868567841	13	1.012783663	7717.879805	35518.23206	0.4
9653.665146	49378.13143	232.8671793	267.7924818	0.4189828594	-1421.244862	-3	0.1098690018	1.978436843	14	1.087613079	7523.419921	35296.20749	0.4
9629.977732	49378.02156	231.5481406	266.2001462	0.4164552	-1412.793919	-3	0.1069439374	2.085380781	15	1.16199988	7331.861721	35077.24329	0.4
9606.431167	49377.91462	230.2289404	264.6088846	0.4139298793	-1404.348677	-3	0.1040684513	2.189449232	16	1.235944365	7143.243063	34861.37731	0.4
9583.025355	49377.81055	228.9095787	263.018691	0.411406883	-1395.909103	-3	0.1012429481	2.29069218	17	1.309446833	6957.602782	34648.64838	0.4
9559.760204	49377.70931	227.5900554	261.429559	0.4088861965	-1387.475163	-3	0.09846784467	2.389160025	18	1.38250758	6774.980728	34439.09635	0.4
9536.635618	49377.61084	226.2703707	259.8414826	0.4063678055	-1379.046826	-3	0.09574357064	2.484903595	19	1.455126902	6595.417796	34232.7621	0.4
9513.651504	49377.5151	224.9505247	258.2544556	0.4038516956	-1370.624057	-3	0.09307056879	2.577974164	20	1.527305092	6418.955974	34029.68762	0.4
9490.807769	49377.42203	223.6305173	256.6684717	0.4013378522	-1362.206825	-3	0.09044929559	2.66842346	21	1.599042441	6245.638375	33829.916	0.4
9468.104322	49377.33158	222.3103487	255.0835248	0.3988262611	-1353.795097	-3	0.0878802217	2.756303681	22	1.670339238	6075.509281	33633.49153	0.4
9445.541071	49377.2437	220.990019	253.4996086	0.3963169079	-1345.388839	-3	0.0853638325	2.841667514	23	1.741195773	5908.61419	33440.45969	0.4
9423.117923	49377.15833	219.6695282	251.916717	0.3938097781	-1336.988018	-3	0.08290062864	2.924568143	24	1.811612331	5744.999856	33250.86722	0.9226079271
9400.83479	49377.07543	219.6695282	251.8329337	0.3936465605	-1336.543358	-3	0.08292718502	3.007495328	25	1.881589197	5747.204992	33251.34272	0.9226643974
9378.559067	49376.9925	219.6695282	251.7492166	0.3934834865	-1336.09905	-3	0.08295370306	3.090449031	26	1.95154279	5749.407462	33251.8176	0.9227208059
9356.29075	49376.90955	219.6695282	251.6655657	0.393320556	-1335.655092	-3	0.08298018284	3.173429213	27	2.021473128	5751.607272	33252.29185	0.9227771526
9334.029831	49376.82657	219.6695282	251.5819808	0.3931577687	-1335.211486	-3	0.08300662444	3.256435838	28	2.091380229	5753.804425	33252.76548	0.9228334375
9311.776307	49376.74356	219.6695282	251.498462	0.3929951245	-1334.768229	-3	0.08303302791	3.339468866	29	2.161264113	5755.998925	33253.2385	0.9228896609
9289.53017	49376.66053	219.6695282	251.4150091	0.3928326232	-1334.325323	-3	0.08305939332	3.422528259	30	2.231124797	5758.190778	33253.71089	0.9229458226
9267.291414	49376.57747	219.6695282	251.331622	0.3926702645	-1333.882766	-3	0.08308572076	3.50561398	31	2.300962299	5760.379987	33254.18266	0.923001923
9245.060035	49376.49439	219.6695282	251.2483008	0.3925080484	-1333.440558	-3	0.08311201027	3.58872599	32	2.370776639	5762.566556	33254.65382	0.9230579619
9222.836025	49376.41127	219.6695282	251.1650452	0.3923459746	-1332.998699	-3	0.08313826194	3.671864252	33	2.440567833	5764.75049	33255.12436	0.9231139396
9200.61938	49376.32814	219.6695282	251.0818552	0.3921840429	-1332.557188	-3	0.08316447583	3.755028728	34	2.510335901	5766.931794	33255.59428	0.9231698561
9178.410094	49376.24497	219.6695282	250.9987307	0.3920222532	-1332.116025	-3	0.083190652	3.83821938	35	2.580080861	5769.11047	33256.06359	0.9232257114
9156.20816	49376.16178	219.6695282	250.9156717	0.3918606052	-1331.675209	-3	0.08321679053	3.92143617	36	2.649802731	5771.286524	33256.53229	0.9232815057
9134.013573	49376.07856	219.6695282	250.8326781	0.3916990987	-1331.23474	-3	0.08324289148	4.004679062	37	2.719501528	5773.45996	33257.00037	0.9233372391
9111.826328	49375.99532	219.6695282	250.7497497	0.3915377337	-1330.794617	-3	0.08326895493	4.087948017	38	2.789177272	5775.630782	33257.46785	0.9233929117
9089.646418	49375.91205	219.6695282	250.6668866	0.3913765099	-1330.354841	-3	0.08329498093	4.171242998	39	2.858829981	5777.798994	33257.93471	0.9234485234
9067.473837	49375.82876	219.6695282	250.5840886	0.391215427	-1329.91541	-3	0.08332096956	4.254563967	40	2.928459671	5779.9646	33258.40096	0.9235040745
9045.30858	49375.74544	219.6695282	250.5013556	0.391054485	-1329.476325	-3	0.08334692088	4.337910888	41	2.998066363	5782.127605	33258.8666	0.923559565
9023.150641	49375.66209	219.6695282	250.4186876	0.3908936836	-1329.037584	-3	0.08337283496	4.421283723	42	3.067650072	5784.288012	33259.33164	0.923614995
9001.000015	49375.57872	219.6695282	250.3360846	0.3907330227	-1328.599188	-3	0.08339871187	4.504682435	43	3.137210819	5786.445827	33259.79607	0.9236703645
8978.856695	49375.49532	219.6695282	250.2535463	0.3905725021	-1328.161136	-3	0.08342455167	4.588106987	44	3.20674862	5788.601052	33260.25989	0.9237256737
8956.720676	49375.41189	219.6695282	250.1710728	0.3904121215	-1327.723427	-3	0.08345035443	4.671557341	45	3.276263494	5790.753693	33260.72311	0.9237809227
8934.591952	49375.32844	219.6695282	250.0886639	0.3902518809	-1327.286062	-3	0.08347612022	4.755033461	46	3.345755459	5792.903753	33261.18573	0.9238361114
8912.470518	49375.24497	219.6695282	250.0063196	0.39009178	-1326.849039	-3	0.0835018491	4.838535311	47	3.415224532	5795.051236	33261.64774	0.9238912401
8890.356367	49375.16146	219.6695282	249.9240398	0.3899318186	-1326.412359	-3	0.08352754113	4.922062852	48	3.484670732	5797.196147	33262.10915	0.9239463088
8868.249495	49375.07794	219.6695282	249.8418245	0.3897719965	-1325.97602	-3	0.08355319639	5.005616048	49	3.554094076	5799.33849	33262.56996	0.9240013176
8846.149894	49374.99438	219.6695282	249.7596735	0.3896123137	-1325.540023	-3	0.08357881495	5.089194863	50	3.623494583	5801.478269	33263.03017	0.9240562665
8824.057561	49374.91081	219.6695282	249.6775868	0.3894527698	-1325.104367	-3	0.08360439685	5.17279926	51	3.69287227	5803.615488	33263.48978	0.9241111556
8801.972488	49374.8272	219.6695282	249.5955642	0.3892933648	-1324.669052	-3	0.08362994218	5.256429202	52	3.762227156	5805.750151	33263.94879	0.9241659851
8779.89467	49374.74357	219.6695282	249.5136058	0.3891340983	-1324.234078	-3	0.083655451	5.340084653	53	3.831559257	5807.882262	33264.40721	0.924220755
8757.824102	49374.65992	219.6695282	249.4317114	0.3889749703	-1323.799443	-3	0.08368092337	5.423765576	54	3.900868592	5810.011825	33264.86503	0.9242754654
8735.760778	49374.57623	219.6695282	249.349881	0.3888159806	-1323.365147	-3	0.08370635935	5.507471936	55	3.970155178	5812.138845	33265.32225	0.9243301164
8713.704693	49374.49253	219.6695282	249.2681145	0.388657129	-1322.931191	-3	0.08373175902	5.591203695	56	4.039419034	5814.263325	33265.77888	0.9243847081
8691.655839	49374.4088	219.6695282	249.1864117	0.3884984153	-1322.497573	-3	0.08375712243	5.674960817	57	4.108660177	5816.385269	33266.23492	0.9244392405
8669.614213	49374.32504	219.6695282	249.1047727	0.3883398393	-1322.064293	-3	0.08378244966	5.758743267	58	4.177878625	5818.504682	33266.69036	0.9244937137
8647.579808	49374.24126	219.6695282	249.0231974	0.3881814008	-1321.631352	-3	0.08380774076	5.842551008	59	4.247074395	5820.621568	33267.14522	0.9245481278
8625.552619	49374.15745	219.6695282	248.9416856	0.3880230997	-1321.198747	-3	0.0838329958	5.926384003	60	4.316247505	5822.73593	33267.59948	0.924602483
8603.53264	49374.07362	219.6695282	248.8602374	0.3878649358	-1320.76648	-3	0.08385821485	6.010242218	61	4.385397973	5824.847773	33268.05315	0.9246567792
8581.519865	49373.98976	219.6695282	248.7788525	0.3877069089	-1320.334549	-3	0.08388339796	6.094125616	62	4.454525817	5826.9571	33268.50624	0.9247110165
8559.514289	49373.90587	219.6695282	248.6975311	0.3875490189	-1319.902955	-3	0.08390854521	6.178034161	63	4.523631054	5829.063916	33268.95873	0.9247651952
8537.515907	49373.82197	219.6695282	248.6162728	0.3873912655	-1319.471696	-3	0.08393365666	6.261967818	64	4.592713702	5831.168225	33269.41064	0.9248193151
8515.524712	49373.73803	219.6695282	248.5350778	0.3872336485	-1319.040773	-3	0.08395873236	6.34592655	65	4.661773777	5833.27003	33269.86197	0.9248733764
8493.540699	49373.65407	219.6695282	248.4539459	0.3870761679	-1318.610185	-3	0.08398377239	6.429910323	66	4.730811299	5835.369336	33270.31271	0.9249273793
8471.563863	49373.57009	219.6695282	248.3728771	0.3869188234	-1318.179931	-3	0.08400877681	6.5139191	67	4.799826284	5837.466147	33270.76286	0.9249813237
8449.594197	49373.48608	219.6695282	248.2918712	0.3867616148	-1317.750012	-3	0.08403374568	6.597952845	68	4.86881875	5839.560466	33271.21244	0.9250352097
8427.631697	49373.40205	219.6695282	248.2109282	0.386604542	-1317.320426	-3	0.08405867907	6.682011524	69	4.937788714	5841.652298	33271.66143	0.9250890375
8405.676356	49373.31799	219.6695282	248.1300481	0.3864476048	-1316.891174	-3	0.08408357703	6.766095101	70	5.006736194	5843.741646	33272.10984	0.9251428071
8383.72817	49373.2339	219.6695282	248.0492306	0.386290803	-1316.462255	-3	0.08410843963	6.850203541	71	5.075661207	5845.828515	33272.55767	0.9251965186
8361.787133	49373.1498	219.6695282	247.9684759	0.3861341365	-1316.033668	-3	0.08413326693	6.934336808	72	5.144563771	5847.912908	33273.00492	0.9252501721
8339.853238	49373.06566	219.6695282	247.8877837	0.385977605	-1315.605414	-3	0.084158059	7.018494867	73	5.213443904	5849.99483	33273.45159	0.9253037676
8317.926481	49372.98151	219.6695282	247.8071541	0.3858212084	-1315.177491	-3	0.0841828159	7.102677683	74	5.282301621	5852.074284	33273.89769	0.9253573053
8296.006856	49372.89732	219.6695282	247.7265869	0.3856649465	-1314.7499	-3	0.08420753769	7.186885221	75	5.351136942	5854.151274	33274.34321	0.9254107852
8274.094358	49372.81311	219.6695282	247.6460821	0.3855088192	-1314.32264	-3	0.08423222443	7.271117445	76	5.419949883	5856.225804	33274.78815	0.9254642073
8252.188981	49372.72888	219.6695282	247.5656395	0.3853528262	-1313.89571	-3	0.08425687618	7.355374321	77	5.488740461	5858.297878	33275.23252	0.9255175719
8230.290719	49372.64463	219.6695282	247.4852592	0.3851969674	-1313.469111	-3	0.08428149301	7.439655814	78	5.557508694	5860.3675	33275.67631	0.9255708789
8208.399567	49372.56034	219.6695282	247.4049411	0.3850412427	-1313.042841	-3	0.08430607498	7.523961889	79	5.6262546	5862.434674	33276.11953	0.9256241285
8186.51552	49372.47604	219.6695282	247.324685	0.3848856518	-1312.616901	-3	0.08433062216	7.608292511	80	5.694978194	5864.499403	33276.56218	0.9256773207
8164.638571	49372.39171	219.6695282	247.2444909	0.3847301945	-1312.19129	-3	0.08435513459	7.692647646	81	5.763679496	5866.561693	33277.00426	0.9257304555
8142.768717	49372.30735	219.6695282	247.1643587	0.3845748708	-1311.766008	-3	0.08437961235	7.777027258	82	5.832358521	5868.621545	33277.44577	0.9257835332
8120.90595	49372.22297	219.6695282	247.0842884	0.3844196804	-1311.341054	-3	0.08440405549	7.861431314	83	5.901015287	5870.678965	33277.88671	0.9258365537
8099.050265	49372.13857	219.6695282	247.0042799	0.3842646231	-1310.916428	-3	0.08442846407	7.945859778	84	5.969649812	5872.733956	33278.32708	0.9258895172
8077.201658	49372.05414	219.6695282	246.9243331	0.3841096989	-1310.492129	-3	0.08445283817	8.030312616	85	6.038262112	5874.786521	33278.76689	0.9259424236
8055.360123	49371.96969	219.6695282	246.8444479	0.3839549074	-1310.068157	-3	0.08447717783	8.114789794	86	6.106852204	5876.836666	33279.20612	0.9259952732
8033.525654	49371.88521	219.6695282	246.7646242	0.3838002486	-1309.644512	-3	0.08450148312	8.199291277	87	6.175420107	5878.884393	33279.6448	0.9260480659
8011.698245	49371.80071	219.6695282	246.6848621	0.3836457223	-1309.221193	-3	0.0845257541	8.283817031	88	6.243965836	5880.929707	33280.0829	0.9261008019
7989.877892	49371.71618	219.6695282	246.6051613	0.3834913282	-1308.798201	-3	0.08454999083	8.368367022	89	6.312489408	5882.972611	33280.52045	0.9261534813
7968.064588	49371.63163	219.6695282	246.5255219	0.3833370663	-1308.375534	-3	0.08457419337	8.452941215	90	6.380990842	5885.013109	33280.95743	0.926206104
7946.25833	49371.54706	219.6695282	246.4459438	0.3831829364	-1307.953191	-3	0.08459836179	8.537539577	91	6.449470154	5887.051205	33281.39384	0.9262586702
7924.45911	49371.46246	219.6695282	246.3664268	0.3830289382	-1307.531174	-3	0.08462249613	8.622162073	92	6.51792736	5889.086903	33281.8297	0.92631118
7902.666924	49371.37784	219.6695282	246.286971	0.3828750717	-1307.109481	-3	0.08464659646	8.70680867	93	6.586362479	5891.120206	33282.265	0.9263636335
7880.881765	49371.29319	219.6695282	246.2075762	0.3827213366	-1306.688112	-3	0.08467066284	8.791479332	94	6.654775526	5893.151118	33282.69973	0.9264160307
7859.10363	49371.20852	219.6695282	246.1282424	0.3825677328	-1306.267067	-3	0.08469469534	8.876174028	95	6.72316652	5895.179643	33283.13391	0.9264683716
7837.332513	49371.12383	219.6695282	246.0489695	0.3824142601	-1305.846345	-3	0.084718694	8.960892722	96	6.791535476	5897.205785	33283.56753	0.9265206565
7815.568407	49371.03911	219.6695282	245.9697574	0.3822609184	-1305.425946	-3	0.0847426589	9.045635381	97	6.859882412	5899.229548	33284.0006	0.9265728853
7793.811308	49370.95436	219.6695282	245.8906061	0.3821077075	-1305.005869	-3	0.08476659008	9.130401971	98	6.928207345	5901.250935	33284.43311	0.9266250582
7772.06121	49370.8696	219.6695282	245.8115155	0.3819546271	-1304.586114	-3	0.08479048761	9.215192458	99	6.996510291	5903.269949	33284.86506	0.9266771751
7750.318108	49370.78481	219.6695282	245.7324855	0.3818016772	-1304.166681	-3	0.08481435155	9.30000681	100	7.064791267	5905.286596	33285.29646	0.9267292363
7728.581997	49370.69999	219.6695282	245.653516	0.3816488576	-1303.74757	-3	0.08483818196	9.384844992	101	7.133050291	5907.300878	33285.72731	0.9267812417
7706.85287	49370.61516	219.6695282	245.574607	0.3814961681	-1303.328779	-3	0.08486197889	9.469706971	102	7.201287379	5909.312799	33286.1576	0.9268331915
7685.130724	49370.53029	219.6695282	245.4957584	0.3813436085	-1302.910309	-3	0.08488574241	9.554592713	103	7.269502547	5911.322363	33286.58734	0.9268850857
7663.415552	49370.44541	219.6695282	245.4169701	0.3811911787	-1302.492159	-3	0.08490947257	9.639502186	104	7.337695814	5913.329574	33287.01653	0.9269369243
7641.70735	49370.3605	219.6695282	245.3382421	0.3810388786	-1302.074328	-3	0.08493316943	9.724435355	105	7.405867194	5915.334435	33287.44517	0.9269887076
7620.006111	49370.27556	219.6695282	245.2595743	0.3808867078	-1301.656818	-3	0.08495683305	9.809392188	106	7.474016706	5917.33695	33287.87327	0.9270404355
7598.311831	49370.19061	219.6695282	245.1809666	0.3807346664	-1301.239626	-3	0.08498046349	9.894372652	107	7.542144365	5919.337122	33288.30081	0.9270921082
7576.624503	49370.10563	219.6695282	245.1024189	0.3805827541	-1300.822753	-3	0.0850040608	9.979376713	108	7.610250189	5921.334956	33288.72781	0.9271437256
7554.944124	49370.02062	219.6695282	245.0239312	0.3804309707	-1300.406198	-3	0.08502762505	10.06440434	109	7.678334195	5923.330455	33289.15426	0.927195288
7533.270688	49369.9356	219.6695282	244.9455034	0.3802793161	-1299.989961	-3	0.08505115629	10.14945549	110	7.746396398	5925.323623	33289.58016	0.9272467953
7511.604188	49369.85054	219.6695282	244.8671354	0.3801277901	-1299.574042	-3	0.08507465459	10.23453015	111	7.814436815	5927.314462	33290.00552	0.9272982476
7489.944621	49369.76547	219.6695282	244.7888272	0.3799763926	-1299.15844	-3	0.08509811998	10.31962827	112	7.882455464	5929.302978	33290.43034	0.927349645
7468.29198	49369.68037	219.6695282	244.7105787	0.3798251233	-1298.743154	-3	0.08512155255	10.40474982	113	7.950452361	5931.289174	33290.85461	0.9274009876
7446.646261	49369.59525	219.6695282	244.6323898	0.3796739822	-1298.328186	-3	0.08514495234	10.48989477	114	8.018427521	5933.273052	33291.27835	0.9274522755
7425.007458	49369.51011	219.6695282	244.5542605	0.3795229691	-1297.913533	-3	0.0851683194	10.57506309	115	8.086380963	5935.254618	33291.70154	0.9275035087
7403.375566	49369.42494	219.6695282	244.4761906	0.3793720838	-1297.499195	-3	0.08519165381	10.66025475	116	8.154312702	5937.233874	33292.12419	0.9275546874
7381.750579	49369.33975	219.6695282	244.3981802	0.3792213261	-1297.085174	-3	0.08521495561	10.7454697	117	8.222222755	5939.210824	33292.5463	0.9276058115
7360.132493	49369.25453	219.6695282	244.3202291	0.3790706959	-1296.671467	-3	0.08523822486	10.83070793	118	8.290111138	5941.185472	33292.96787	0.9276568812
7338.521302	49369.16929	219.6695282	244.2423373	0.378920193	-1296.258074	-3	0.08526146162	10.91596939	119	8.357977869	5943.157821	33293.3889	0.9277078965
7316.917001	49369.08403	219.6695282	244.1645046	0.3787698173	-1295.844996	-3	0.08528466594	11.00125405	120	8.425822962	5945.127876	33293.8094	0.9277588575
7295.319584	49368.99875	219.6695282	244.0867311	0.3786195685	-1295.432232	-3	0.08530783788	11.08656189	121	8.493646436	5947.095638	33294.22936	0.9278097643
7273.729047	49368.91344	219.6695282	244.0090167	0.3784694466	-1295.019781	-3	0.08533097751	11.17189287	122	8.561448306	5949.061113	33294.64878	0.927860617
7252.145384	49368.82811	219.6695282	243.9313612	0.3783194514	-1294.607643	-3	0.08535408486	11.25724695	123	8.629228588	5951.024303	33295.06768	0.9279114156
7230.56859	49368.74275	219.6695282	243.8537647	0.3781695827	-1294.195818	-3	0.08537716001	11.34262411	124	8.696987299	5952.985213	33295.48603	0.9279621602
7208.998659	49368.65738	219.6695282	243.7762271	0.3780198403	-1293.784305	-3	0.085400203	11.42802432	125	8.764724456	5954.943845	33295.90386	0.9280128509
7187.435588	49368.57198	219.6695282	243.6987482	0.3778702241	-1293.373105	-3	0.0854232139	11.51344753	126	8.832440075	5956.900203	33296.32115	0.9280634878
7165.879369	49368.48655	219.6695282	243.621328	0.3777207339	-1292.962216	-3	0.08544619275	11.59889372	127	8.900134172	5958.854292	33296.73791	0.9281140709
7144.329999	49368.40111	219.6695282	243.5439665	0.3775713696	-1292.551638	-3	0.08546913962	11.68436286	128	8.967806763	5960.806114	33297.15414	0.9281646003
7122.787472	49368.31564	219.6695282	243.4666636	0.3774221311	-1292.141371	-3	0.08549205456	11.76985492	129	9.035457865	5962.755672	33297.56984	0.9282150761
7101.251782	49368.23015	219.6695282	243.3894192	0.377273018	-1291.731415	-3	0.08551493762	11.85536986	130	9.103087493	5964.702971	33297.98501	0.9282654983
7079.722925	49368.14463	219.6695282	243.3122332	0.3771240304	-1291.321768	-3	0.08553778886	11.94090765	131	9.170695665	5966.648014	33298.39966	0.9283158671
7058.200896	49368.05909	219.6695282	243.2351056	0.376975168	-1290.912432	-3	0.08556060834	12.02646825	132	9.238282397	5968.590805	33298.81377	0.9283661825
7036.685689	49367.97353	219.6695282	243.1580363	0.3768264307	-1290.503405	-3	0.08558339612	12.11205165	133	9.305847704	5970.531347	33299.22736	0.9284164445
7015.177298	49367.88795	219.6695282	243.0810252	0.3766778183	-1290.094687	-3	0.08560615223	12.1976578	134	9.373391603	5972.469643	33299.64043	0.9284666533
6993.67572	49367.80234	219.6695282	243.0040724	0.3765293306	-1289.686278	-3	0.08562887675	12.28328668	135	9.44091411	5974.405697	33300.05297	0.9285168089
6972.180949	49367.71671	219.6695282	242.9271776	0.3763809676	-1289.278177	-3	0.08565156973	12.36893825	136	9.508415241	5976.339512	33300.46499	0.9285669114
6950.692979	49367.63106	219.6695282	242.8503408	0.376232729	-1288.870385	-3	0.08567423121	12.45461248	137	9.575895013	5978.271092	33300.87648	0.9286169609
6929.211806	49367.54539	219.6695282	242.773562	0.3760846147	-1288.462899	-3	0.08569686127	12.54030934	138	9.643353441	5980.200441	33301.28745	0.9286669574
6907.737425	49367.45969	219.6695282	242.6968412	0.3759366245	-1288.055722	-3	0.08571945994	12.6260288	139	9.710790541	5982.127562	33301.6979	0.928716901
6886.269829	49367.37397	219.6695282	242.6201781	0.3757887583	-1287.648851	-3	0.08574202728	12.71177083	140	9.77820633	5984.052457	33302.10783	0.9287667918
6864.809015	49367.28823	219.6695282	242.5435728	0.3756410159	-1287.242286	-3	0.08576456336	12.79753539	141	9.845600824	5985.975132	33302.51724	0.9288166299
6843.354977	49367.20246	219.6695282	242.4670252	0.3754933972	-1286.836028	-3	0.08578706821	12.88332246	142	9.912974039	5987.895589	33302.92613	0.9288664152
6821.90771	49367.11668	219.6695282	242.3905353	0.3753459019	-1286.430076	-3	0.08580954191	12.969132	143	9.98032599	5989.813831	33303.33451	0.928916148
6800.467209	49367.03087	219.6695282	242.3141029	0.3751985301	-1286.024429	-3	0.08583198449	13.05496399	144	10.04765669	5991.729863	33303.74236	0.9289658283
6779.033468	49366.94504	219.6695282	242.237728	0.3750512814	-1285.619088	-3	0.08585439602	13.14081838	145	10.11496617	5993.643687	33304.1497	0.9290154561
6757.606483	49366.85918	219.6695282	242.1614105	0.3749041557	-1285.214051	-3	0.08587677655	13.22669516	146	10.18225443	5995.555307	33304.55652	0.9290650315
6736.186249	49366.7733	219.6695282	242.0851504	0.374757153	-1284.809319	-3	0.08589912612	13.31259428	147	10.24952148	5997.464726	33304.96283	0.9291145546
6714.772761	49366.68741	219.6695282	242.0089476	0.374610273	-1284.40489	-3	0.08592144481	13.39851573	148	10.31676736	5999.371948	33305.36862	0.9291640255
6693.366012	49366.60148	219.6695282	241.9328021	0.3744635155	-1284.000766	-3	0.08594373265	13.48445946	149	10.38399207	6001.276976	33305.7739	0.9292134442
6671.966	49366.51554	219.6695282	241.8567136	0.3743168805	-1283.596945	-3	0.08596598971	13.57042545	150	10.45119562	6003.179814	33306.17867	0.9292628108
6650.572717	49366.42957	219.6695282	241.7806823	0.3741703678	-1283.193427	-3	0.08598821602	13.65641367	151	10.51837804	6005.080464	33306.58293	0.9293121254
6629.18616	49366.34359	219.6695282	241.704708	0.3740239771	-1282.790211	-3	0.08601041166	13.74242408	152	10.58553934	6006.978931	33306.98667	0.929361388
6607.806323	49366.25758	219.6695282	241.6287907	0.3738777085	-1282.387298	-3	0.08603257667	13.82845666	153	10.65267954	6008.875217	33307.38991	0.9294105987
6586.433202	49366.17154	219.6695282	241.5529303	0.3737315616	-1281.984687	-3	0.0860547111	13.91451137	154	10.71979865	6010.769327	33307.79263	0.9294597576
6565.06679	49366.08549	219.6695282	241.4771267	0.3735855364	-1281.582377	-3	0.08607681501	14.00058818	155	10.78689669	6012.661262	33308.19485	0.9295088648
6543.707084	49365.99941	219.6695282	241.4013799	0.3734396327	-1281.180369	-3	0.08609888845	14.08668707	156	10.85397367	6014.551028	33308.59656	0.9295579203
6522.354078	49365.91331	219.6695282	241.3256898	0.3732938504	-1280.778662	-3	0.08612093147	14.172808	157	10.9210296	6016.438627	33308.99776	0.9296069242
6501.007767	49365.82719	219.6695282	241.2500563	0.3731481892	-1280.377255	-3	0.08614294412	14.25895095	158	10.98806452	6018.324062	33309.39846	0.9296558766
6479.668146	49365.74105	219.6695282	241.1744794	0.3730026491	-1279.976149	-3	0.08616492646	14.34511587	159	11.05507842	6020.207336	33309.79865	0.9297047775
6458.33521	49365.65488	219.6695282	241.0989589	0.37285723	-1279.575342	-3	0.08618687854	14.43130275	160	11.12207133	6022.088454	33310.19833	0.929753627
6437.008954	49365.5687	219.6695282	241.023495	0.3727119315	-1279.174835	-3	0.08620880041	14.51751155	161	11.18904327	6023.967418	33310.59751	0.9298024252
6415.689374	49365.48249	219.6695282	240.9480874	0.3725667537	-1278.774627	-3	0.08623069212	14.60374224	162	11.25599424	6025.844232	33310.99619	0.9298511722
6394.376463	49365.39626	219.6695282	240.8727361	0.3724216962	-1278.374718	-3	0.08625255373	14.6899948	163	11.32292426	6027.718899	33311.39437	0.929899868
6373.070218	49365.31001	219.6695282	240.797441	0.3722767591	-1277.975108	-3	0.08627438528	14.77626918	164	11.38983335	6029.591423	33311.79204	0.9299485126
6351.770633	49365.22373	219.6695282	240.7222022	0.3721319422	-1277.575795	-3	0.08629618683	14.86256537	165	11.45672153	6031.461806	33312.18921	0.9299971062
6330.477703	49365.13743	219.6695282	240.6470194	0.3719872452	-1277.176781	-3	0.08631795843	14.94888333	166	11.52358881	6033.330051	33312.58589	0.9300456489
6309.191423	49365.05112	219.6695282	240.5718927	0.3718426681	-1276.778064	-3	0.08633970013	15.03522303	167	11.59043521	6035.196163	33312.98206	0.9300941406
6287.911789	49364.96478	219.6695282	240.496822	0.3716982106	-1276.379644	-3	0.08636141198	15.12158444	168	11.65726073	6037.060145	33313.37773	0.9301425815
6266.638795	49364.87842	219.6695282	240.4218072	0.3715538728	-1275.98152	-3	0.08638309403	15.20796753	169	11.7240654	6038.921999	33313.77291	0.9301909716
6245.372436	49364.79203	219.6695282	240.3468483	0.3714096543	-1275.583694	-3	0.08640474634	15.29437228	170	11.79084924	6040.781729	33314.16759	0.9302393111
6224.112708	49364.70563	219.6695282	240.2719451	0.371265555	-1275.186163	-3	0.08642636895	15.38079865	171	11.85761225	6042.639339	33314.56177	0.9302875999
6202.859605	49364.6192	219.6695282	240.1970977	0.3711215749	-1274.788928	-3	0.08644796192	15.46724661	172	11.92435446	6044.494831	33314.95546	0.9303358381
6181.613123	49364.53275	219.6695282	240.1223059	0.3709777137	-1274.391989	-3	0.0864695253	15.55371614	173	11.99107588	6046.348208	33315.34866	0.9303840259
6160.373256	49364.44628	219.6695282	240.0475698	0.3708339713	-1273.995344	-3	0.08649105913	15.6402072	174	12.05777652	6048.199475	33315.74136	0.9304321633
6139.140001	49364.35979	219.6695282	239.9728892	0.3706903476	-1273.598995	-3	0.08651256348	15.72671976	175	12.1244564	6050.048634	33316.13356	0.9304802503
6117.913351	49364.27328	219.6695282	239.898264	0.3705468424	-1273.202939	-3	0.08653403838	15.8132538	176	12.19111553	6051.895688	33316.52528	0.930528287
6096.693302	49364.18675	219.6695282	239.8236943	0.3704034555	-1272.807178	-3	0.08655548389	15.89980928	177	12.25775394	6053.740641	33316.9165	0.9305762735
6075.479849	49364.10019	219.6695282	239.7491799	0.3702601869	-1272.411711	-3	0.08657690005	15.98638618	178	12.32437163	6055.583497	33317.30723	0.9306242098
6054.272987	49364.01361	219.6695282	239.6747207	0.3701170363	-1272.016537	-3	0.08659828693	16.07298447	179	12.39096863	6057.424257	33317.69747	0.9306720961
6033.072711	49363.92702	219.6695282	239.6003168	0.3699740037	-1271.621656	-3	0.08661964457	16.15960411	180	12.45754494	6059.262925	33318.08722	0.9307199323
6011.879017	49363.8404	219.6695282	239.5259681	0.3698310888	-1271.227067	-3	0.08664097302	16.24624509	181	12.52410058	6061.099505	33318.47648	0.9307677186
5990.691899	49363.75375	219.6695282	239.4516744	0.3696882915	-1270.832772	-3	0.08666227232	16.33290736	182	12.59063557	6062.934	33318.86526	0.4
5969.511353	49363.66709	218.2861489	237.8793201	0.3672328537	-1262.487875	-3	0.08407746343	16.41698482	183	12.65714993	5889.18138	33121.09873	0.4
5948.469889	49363.58302	216.9025304	236.307907	0.3647794257	-1254.147974	-3	0.08155252218	16.49853734	184	12.72322752	5719.204211	32927.26279	0.4
5927.567422	49363.50146	215.5186735	234.7374291	0.3623279939	-1245.813036	-3	0.07908807901	16.57762542	185	12.7888686	5553.060814	32737.41573	0.4
5906.803872	49363.42237	214.1345788	233.1678804	0.3598785446	-1237.48303	-3	0.07668478594	16.65431021	186	12.85407344	5390.811288	32551.61762	0.4
5886.179155	49363.34569	212.7502469	231.5992548	0.3574310642	-1229.157923	-3	0.07434331749	16.72865353	187	12.9188423	5232.517587	32369.93039	0.4
5865.693189	49363.27135	211.3656786	230.0315463	0.3549855391	-1220.837683	-3	0.07206437151	16.8007179	188	12.98317542	5078.24359	32192.41789	0.4
5845.345894	49363.19928	209.9808745	228.4647487	0.3525419556	-1212.522278	-3	0.06984867019	16.87056657	189	13.04707308	4928.05518	32019.14596	0.4
5825.13719	49363.12943	208.5958353	226.8988561	0.3501003002	-1204.211676	-3	0.06769696105	16.93826353	190	13.11053551	4782.020331	31850.18255	0.4
5805.066995	49363.06174	207.2105619	225.3338624	0.3476605593	-1195.905844	-3	0.06561001794	17.00387355	191	13.17356297	4640.209185	31685.59777	0.4
5785.135231	49362.99613	205.8250548	223.7697614	0.3452227194	-1187.604751	-3	0.06358864218	17.06746219	192	13.23615571	4502.694151	31525.46399	0.4
5765.341819	49362.93254	204.439315	222.2065473	0.3427867668	-1179.308364	-3	0.06163366367	17.12909585	193	13.29831397	4369.549994	31369.85594	0.4
5745.686679	49362.8709	203.0533431	220.6442138	0.3403526881	-1171.016651	-3	0.3632139235	17.49230978	194	13.36003801	25781.45299	52759.44986	0.4
5726.169735	49362.50769	201.6671399	219.082755	0.3379204697	-1162.72958	-3	0.3576430147	17.84995279	195	13.42132807	25416.81711	52372.49398	0.4
5706.790909	49362.15005	200.2807063	217.5221648	0.3354900981	-1154.447118	-3	0.3521812535	18.20213404	196	13.48218439	25059.04483	51992.55875	0.4
5687.550123	49361.79787	198.8940431	215.962437	0.3330615599	-1146.169235	-3	0.3468297216	18.54896377	197	13.54260722	24708.2391	51619.74706	0.4
5668.447303	49361.45104	197.507151	214.4035658	0.3306348415	-1137.895896	-3	0.3415895426	18.89055331	198	13.60259678	24364.50626	51254.16519	0.4
5649.482371	49361.10945	196.120031	212.8455449	0.3282099295	-1129.627072	-3	0.3364618827	19.22701519	199	13.66215333	24027.95626	50895.923	0.4
5630.655253	49360.77298	194.7326839	211.2883684	0.3257868104	-1121.362728	-3	0.3314479534	19.55846315	200	13.72127709	23698.70272	50545.13406	0.4
5611.965875	49360.44154	193.3451106	209.7320302	0.3233654708	-1113.102833	-3	0.3265490131	19.88501216	201	13.77996831	23376.86319	50201.91582	0.4
5593.414161	49360.11499	191.9573119	208.1765242	0.3209458973	-1104.847356	-3	0.3217663694	20.20677853	202	13.8382272	23062.55923	49866.38979	0.4
5575.000038	49359.79322	190.5692888	206.6218444	0.3185280764	-1096.596262	-3	0.3171013812	20.52387991	203	13.89605401	22755.91668	49538.68173	0.4
5556.723434	49359.47612	189.1810422	205.0679847	0.3161119948	-1088.349522	-3	0.3125554608	20.83643537	204	13.95344897	22457.06579	49218.92181	0.4
5538.584275	49359.16356	187.792573	203.5149391	0.3136976391	-1080.107102	-3	0.3081300767	21.14456545	205	14.0104123	22166.14144	48907.24483	0.4
5520.58249	49358.85543	186.4038822	201.9627014	0.3112849958	-1071.86897	-3	0.3038267559	21.4483922	206	14.06694423	21883.28336	48603.79045	0.4
5502.718007	49358.55161	185.0149707	200.4112657	0.3088740517	-1063.635094	-3	0.2996470866	21.74803929	207	14.12304498	21608.63633	48308.70338	0.4
5484.990756	49358.25196	183.6258395	198.8606258	0.3064647934	-1055.405442	-3	0.2955927213	22.04363201	208	14.17871477	21342.35046	48022.13362	0.4
5467.400665	49357.95637	182.2364896	197.3107758	0.3040572076	-1047.179982	-3	0.2916653794	22.33529739	209	14.23395384	21084.58137	47744.23674	0.4
5449.947665	49357.6647	180.846922	195.7617096	0.3016512809	-1038.958681	-3	0.2878668505	22.62316424	210	14.28876239	20835.49052	47475.17409	0.4
5432.631687	49357.37684	179.4571377	194.213421	0.299247	-1030.741508	-3	0.2841989977	22.90736324	211	14.34314064	20595.24543	47215.11314	0.4
5415.452662	49357.09264	178.0671378	192.6659041	0.2968443517	-1022.528431	-3	0.2806637613	23.188027	212	14.39708881	20364.02002	46964.22769	0.4
5398.410522	49356.81197	176.6769232	191.1191528	0.2944433226	-1014.319416	-3	0.2772631621	23.46529016	213	14.45060712	20141.99486	46722.69825	0.4
5381.505198	49356.53471	175.2864951	189.5731611	0.2920438996	-1006.114433	-3	0.2739993056	23.73928947	214	14.50369577	19929.35754	46490.71231	0.4
5364.736624	49356.26071	173.8958544	188.0279228	0.2896460692	-997.9134487	-3	0.270874386	24.01016385	215	14.55635498	19726.303	46268.46473	0.4
5348.104733	49355.98984	172.5050024	186.4834319	0.2872498184	-989.7164311	-3	0.2678906907	24.27805454	216	14.60858496	19533.03389	46056.15807	0.4
5331.609459	49355.72195	171.1139401	184.9396824	0.2848551338	-981.5233481	-3	0.2650506044	24.54310515	217	14.66038591	19349.76093	45854.00295	0.4
5315.250737	49355.45689	169.7226685	183.3966683	0.2824620023	-973.3341677	-3	0.2623566147	24.80546176	218	14.71175805	19176.70336	45662.21852	0.9577302074
5299.028501	49355.19454	169.7226685	183.3525833	0.2823777592	-973.1001972	-3	0.2623575729	25.06781934	219	14.76270157	19177.44893	45662.17168	0.9577537714
5282.810164	49354.93218	169.7226685	183.308524	0.2822935703	-972.8663628	-3	0.2623585258	25.33017786	220	14.81363284	19178.19379	45662.12472	0.957777315
5266.595725	49354.66982	169.7226685	183.2644903	0.2822094355	-972.6326645	-3	0.2623594737	25.59253733	221	14.86455188	19178.93793	45662.07764	0.9578008383
5250.38518	49354.40746	169.7226685	183.2204822	0.2821253546	-972.3991021	-3	0.2623604164	25.85489775	222	14.91545868	19179.68136	45662.03045	0.9578243413
5234.178529	49354.1451	169.7226685	183.1764997	0.2820413278	-972.1656755	-3	0.262361354	26.11725911	223	14.96635326	19180.42407	45661.98315	0.9578478241
5217.975767	49353.88274	169.7226685	183.1325428	0.2819573549	-971.9323845	-3	0.2623622865	26.37962139	224	15.01723562	19181.16607	45661.93572	0.9578712866
5201.776894	49353.62038	169.7226685	183.0886114	0.2818734359	-971.6992291	-3	0.2623632139	26.64198461	225	15.06810577	19181.90736	45661.88819	0.9578947289
5185.581907	49353.35802	169.7226685	183.0447055	0.2817895706	-971.4662092	-3	0.2623641362	26.90434874	226	15.11896372	19182.64793	45661.84054	0.957918151
5169.390804	49353.09565	169.7226685	183.0008252	0.2817057592	-971.2333245	-3	0.2623650534	27.1667138	227	15.16980947	19183.3878	45661.79277	0.957941553
5153.203582	49352.83329	169.7226685	182.9569703	0.2816220015	-971.0005751	-3	0.2623659656	27.42907976	228	15.22064303	19184.12695	45661.74489	0.9579649348
5137.020239	49352.57092	169.7226685	182.9131408	0.2815382974	-970.7679607	-3	0.2623668727	27.69144663	229	15.27146441	19184.8654	45661.6969	0.9579882965
5120.840773	49352.30855	169.7226685	182.8693368	0.2814546469	-970.5354812	-3	0.2623677747	27.95381441	230	15.32227362	19185.60314	45661.64879	0.958011638
5104.665181	49352.04619	169.7226685	182.8255581	0.28137105	-970.3031366	-3	0.2623686717	28.21618308	231	15.37307065	19186.34018	45661.60056	0.9580349596
5088.493462	49351.78382	169.7226685	182.7818049	0.2812875066	-970.0709266	-3	0.2623695636	28.47855264	232	15.42385553	19187.0765	45661.55222	0.958058261
5072.325614	49351.52145	169.7226685	182.738077	0.2812040167	-969.8388512	-3	0.2623704506	28.74092309	233	15.47462826	19187.81212	45661.50377	0.9580815424
5056.161633	49351.25908	169.7226685	182.6943744	0.2811205801	-969.6069102	-3	0.2623713325	29.00329443	234	15.52538883	19188.54704	45661.4552	0.9581048039
5040.001518	49350.99671	169.7226685	182.6506972	0.2810371969	-969.3751036	-3	0.2623722094	29.26566664	235	15.57613727	19189.28126	45661.40652	0.9581280453
5023.845266	49350.73433	169.7226685	182.6070452	0.280953867	-969.1434312	-3	0.2623730813	29.52803972	236	15.62687357	19190.01477	45661.35773	0.9581512668
5007.692875	49350.47196	169.7226685	182.5634185	0.2808705904	-968.9118928	-3	0.2623739482	29.79041367	237	15.67759775	19190.74758	45661.30882	0.9581744683
4991.544344	49350.20959	169.7226685	182.519817	0.2807873669	-968.6804885	-3	0.2623748101	30.05278848	238	15.72830981	19191.47969	45661.2598	0.9581976499
4975.399669	49349.94721	169.7226685	182.4762408	0.2807041966	-968.4492179	-3	0.262375667	30.31516414	239	15.77900976	19192.2111	45661.21067	0.9582208117
4959.258849	49349.68484	169.7226685	182.4326897	0.2806210794	-968.2180811	-3	0.262376519	30.57754066	240	15.82969761	19192.94181	45661.16142	0.9582439535
4943.121881	49349.42246	169.7226685	182.3891639	0.2805380152	-967.9870778	-3	0.262377366	30.83991803	241	15.88037336	19193.67182	45661.11206	0.9582670756
4926.988763	49349.16008	169.7226685	182.3456631	0.280455004	-967.7562081	-3	0.2623782081	31.10229624	242	15.93103701	19194.40113	45661.06259	0.9582901778
4910.859493	49348.8977	169.7226685	182.3021875	0.2803720458	-967.5254717	-3	0.2623790452	31.36467528	243	15.98168859	19195.12975	45661.01301	0.9583132601
4894.734068	49348.63532	169.7226685	182.258737	0.2802891404	-967.2948685	-3	0.2623798774	31.62705516	244	16.03232808	19195.85767	45660.96331	0.9583363228
4878.612487	49348.37294	169.7226685	182.2153116	0.2802062878	-967.0643984	-3	0.2623807046	31.88943586	245	16.08295551	19196.5849	45660.9135	0.9583593656
4862.494747	49348.11056	169.7226685	182.1719113	0.2801234881	-966.8340614	-3	0.262381527	32.15181739	246	16.13357087	19197.31143	45660.86358	0.9583823887
4846.380846	49347.84818	169.7226685	182.1285359	0.280040741	-966.6038572	-3	0.2623823444	32.41419973	247	16.18417418	19198.03727	45660.81354	0.9584053921
4830.270782	49347.5858	169.7226685	182.0851856	0.2799580467	-966.3737857	-3	0.2623831569	32.67658289	248	16.23476544	19198.76242	45660.7634	0.9584283759
4814.164552	49347.32342	169.7226685	182.0418603	0.279875405	-966.1438469	-3	0.2623839645	32.93896686	249	16.28534466	19199.48687	45660.71314	0.9584513399
4798.062154	49347.06103	169.7226685	181.99856	0.2797928158	-965.9140406	-3	0.2623847673	33.20135162	250	16.33591184	19200.21064	45660.66277	0.9584742843
4781.963587	49346.79865	169.7226685	181.9552846	0.2797102792	-965.6843667	-3	0.2623855652	33.46373719	251	16.386467	19200.93371	45660.61229	0.9584972091
4765.868848	49346.53626	169.7226685	181.9120341	0.2796277951	-965.454825	-3	0.2623863582	33.72612355	252	16.43701013	19201.6561	45660.5617	0.9585201143
4749.777934	49346.27388	169.7226685	181.8688085	0.2795453634	-965.2254155	-3	0.2623871463	33.98851069	253	16.48754125	19202.3778	45660.51099	0.9585429999
4733.690844	49346.01149	169.7226685	181.8256078	0.279462984	-964.9961381	-3	0.2623879296	34.25089862	254	16.53806037	19203.09881	45660.46018	0.958565866
4717.607575	49345.7491	169.7226685	181.7824319	0.279380657	-964.7669925	-3	0.2623887081	34.51328733	255	16.58856748	19203.81913	45660.40925	0.9585887125
4701.528125	49345.48671	169.7226685	181.7392809	0.2792983823	-964.5379788	-3	0.2623894817	34.77567681	256	16.6390626	19204.53877	45660.35821	0.9586115395
4685.452492	49345.22432	169.7226685	181.6961547	0.2792161598	-964.3090967	-3	0.2623902505	35.03806706	257	16.68954573	19205.25772	45660.30706	0.9586343471
4669.380674	49344.96193	169.7226685	181.6530533	0.2791339894	-964.0803462	-3	0.2623910144	35.30045808	258	16.74001689	19205.97599	45660.25581	0.9586571351
4653.312668	49344.69954	169.7226685	181.6099767	0.2790518712	-963.8517271	-3	0.2623917736	35.56284985	259	16.79047607	19206.69358	45660.20444	0.9586799038
4637.248472	49344.43715	169.7226685	181.5669247	0.2789698051	-963.6232394	-3	0.2623925279	35.82524238	260	16.84092329	19207.41048	45660.15296	0.958702653
4621.188085	49344.17476	169.7226685	181.5238976	0.278887791	-963.3948828	-3	0.2623932775	36.08763566	261	16.89135854	19208.1267	45660.10137	0.9587253828
4605.131504	49343.91236	169.7226685	181.4808951	0.2788058288	-963.1666574	-3	0.2623940223	36.35002968	262	16.94178185	19208.84225	45660.04967	0.9587480932
4589.078726	49343.64997	169.7226685	181.4379173	0.2787239186	-962.9385629	-3	0.2623947623	36.61242444	263	16.99219321	19209.55711	45659.99786	0.9587707843
4573.02975	49343.38758	169.7226685	181.3949641	0.2786420602	-962.7105992	-3	0.2623954975	36.87481994	264	17.04259263	19210.27129	45659.94594	0.958793456
4556.984573	49343.12518	169.7226685	181.3520356	0.2785602537	-962.4827663	-3	0.262396228	37.13721617	265	17.09298012	19210.9848	45659.89391	0.9588161084
4540.943194	49342.86278	169.7226685	181.3091317	0.2784784989	-962.255064	-3	0.2623969537	37.39961312	266	17.14335568	19211.69762	45659.84177	0.9588387416
4524.905609	49342.60039	169.7226685	181.2662523	0.2783967959	-962.0274922	-3	0.2623976747	37.66201079	267	17.19371933	19212.40977	45659.78952	0.9588613554
4508.871818	49342.33799	169.7226685	181.2233976	0.2783151445	-961.8000508	-3	0.2623983909	37.92440919	268	17.24407107	19213.12125	45659.73717	0.9588839501
4492.841817	49342.07559	169.7226685	181.1805674	0.2782335447	-961.5727396	-3	0.2623991024	38.18680829	269	17.2944109	19213.83205	45659.6847	0.9589065255
4476.815605	49341.81319	169.7226685	181.1377617	0.2781519966	-961.3455586	-3	0.2623998092	38.4492081	270	17.34473884	19214.54217	45659.63212	0.9589290817
4460.793179	49341.55079	169.7226685	181.0949805	0.2780704999	-961.1185076	-3	0.2624005113	38.71160861	271	17.39505488	19215.25163	45659.57944	0.9589516187
4444.774537	49341.28839	169.7226685	181.0522238	0.2779890547	-960.8915865	-3	0.2624012087	38.97400982	272	17.44535904	19215.96041	45659.52665	0.9589741365
4428.759677	49341.02599	169.7226685	181.0094915	0.277907661	-960.6647952	-3	0.2624019013	39.23641172	273	17.49565133	19216.66851	45659.47374	0.9589966353
4412.748597	49340.76359	169.7226685	180.9667837	0.2778263186	-960.4381336	-3	0.2624025893	39.49881431	274	17.54593174	19217.37595	45659.42073	0.9590191149
4396.741295	49340.50119	169.7226685	180.9241003	0.2777450276	-960.2116016	-3	0.2624032726	39.76121758	275	17.59620029	19218.08272	45659.36761	0.9590415754
4380.737768	49340.23878	169.7226685	180.8814413	0.2776637878	-959.985199	-3	0.2624039512	40.02362153	276	17.64645699	19218.78882	45659.31439	0.9590640168
4364.738015	49339.97638	169.7226685	180.8388066	0.2775825992	-959.7589257	-3	0.2624046252	40.28602616	277	17.69670183	19219.49425	45659.26105	0.9590864392
4348.742033	49339.71397	169.7226685	180.7961963	0.2775014619	-959.5327817	-3	0.2624052945	40.54843145	278	17.74693483	19220.19901	45659.20761	0.9591088426
4332.74982	49339.45157	169.7226685	180.7536103	0.2774203756	-959.3067667	-3	0.2624059592	40.81083741	279	17.797156	19220.9031	45659.15406	0.959131227
4316.761374	49339.18916	169.7226685	180.7110487	0.2773393404	-959.0808807	-3	0.2624066192	41.07324403	280	17.84736534	19221.60653	45659.1004	0.9591535924
4300.776692	49338.92676	169.7226685	180.6685113	0.2772583563	-958.8551236	-3	0.2624072746	41.3356513	281	17.89756285	19222.3093	45659.04663	0.9591759388
4284.795774	49338.66435	169.7226685	180.6259981	0.2771774232	-958.6294953	-3	0.2624079253	41.59805923	282	17.94774855	19223.0114	45658.99276	0.9591982662
4268.818615	49338.40194	169.7226685	180.5835092	0.2770965409	-958.4039956	-3	0.2624085714	41.8604678	283	17.99792243	19223.71283	45658.93878	0.9592205748
4252.845216	49338.13953	169.7226685	180.5410445	0.2770157096	-958.1786244	-3	0.262409213	42.12287701	284	18.04808452	19224.41361	45658.88469	0.9592428644
4236.875572	49337.87712	169.7226685	180.4986041	0.2769349291	-957.9533816	-3	0.2624098499	42.38528686	285	18.09823481	19225.11372	45658.83049	0.9592651352
4220.909682	49337.61471	169.7226685	180.4561877	0.2768541994	-957.7282671	-3	0.2624104822	42.64769735	286	18.14837331	19225.81317	45658.77619	0.9592873871
4204.947544	49337.3523	169.7226685	180.4137956	0.2767735204	-957.5032808	-3	0.26241111	42.91010846	287	18.19850003	19226.51195	45658.72178	0.9593096202
4188.989156	49337.08989	169.7226685	180.3714275	0.2766928921	-957.2784226	-3	0.2624117331	43.17252019	288	18.24861497	19227.21008	45658.66726	0.9593318345
4173.034516	49336.82748	169.7226685	180.3290836	0.2766123145	-957.0536923	-3	0.2624123517	43.43493254	289	18.29871815	19227.90756	45658.61264	0.9593540299
4157.083621	49336.56507	169.7226685	180.2867638	0.2765317874	-956.8290898	-3	0.2624129658	43.69734551	290	18.34880956	19228.60437	45658.55791	0.9593762067
4141.13647	49336.30265	169.7226685	180.244468	0.2764513109	-956.6046151	-3	0.2624135752	43.95975908	291	18.39888922	19229.30052	45658.50308	0.9593983646
4125.193059	49336.04024	169.7226685	180.2021963	0.2763708849	-956.3802679	-3	0.2624141802	44.22217326	292	18.44895712	19229.99602	45658.44814	0.9594205038
4109.253388	49335.77783	169.7226685	180.1599486	0.2762905094	-956.1560483	-3	0.2624147806	44.48458804	293	18.49901329	19230.69087	45658.39309	0.9594426243
4093.317454	49335.51541	169.7226685	180.1177249	0.2762101842	-955.931956	-3	0.2624153764	44.74700342	294	18.54905772	19231.38505	45658.33793	0.9594647262
4077.385255	49335.253	169.7226685	180.0755252	0.2761299094	-955.7079911	-3	0.2624159678	45.00941939	295	18.59909042	19232.07859	45658.28267	0.9594868093
4061.456788	49334.99058	169.7226685	180.0333494	0.2760496849	-955.4841532	-3	0.2624165546	45.27183594	296	18.6491114	19232.77147	45658.22731	0.9595088738
4045.532052	49334.72816	169.7226685	179.9911976	0.2759695106	-955.2604424	-3	0.2624171369	45.53425308	297	18.69912066	19233.4637	45658.17184	0.9595309197
4029.611045	49334.46575	169.7226685	179.9490697	0.2758893866	-955.0368586	-3	0.2624177147	45.79667079	298	18.74911822	19234.15527	45658.11626	0.959552947
4013.693764	49334.20333	169.7226685	179.9069656	0.2758093127	-954.8134015	-3	0.262418288	46.05908908	299	18.79910407	19234.8462	45658.06058	0.9595749557
3997.780207	49333.94091	169.7226685	179.8648855	0.2757292889	-954.5900712	-3	0.2624188568	46.32150794	300	18.84907823	19235.53647	45658.00479	0.9595969459
3981.870373	49333.67849	169.7226685	179.8228292	0.2756493152	-954.3668674	-3	0.2624194212	46.58392736	301	18.8990407	19236.2261	45657.9489	0.9596189175
3965.964258	49333.41607	169.7226685	179.7807967	0.2755693915	-954.1437901	-3	0.262419981	46.84634734	302	18.94899148	19236.91508	45657.89291	0.9596408706
3950.061862	49333.15365	169.7226685	179.7387881	0.2754895178	-953.9208392	-3	0.2624205364	47.10876788	303	18.99893059	19237.60341	45657.8368	0.9596628051
3934.163181	49332.89123	169.7226685	179.6968032	0.275409694	-953.6980145	-3	0.2624210874	47.37118896	304	19.04885804	19238.29109	45657.7806	0.9596847213
3918.268214	49332.62881	169.7226685	179.6548421	0.2753299201	-953.475316	-3	0.2624216339	47.6336106	305	19.09877381	19238.97812	45657.72429	0.9597066189
3902.376959	49332.36639	169.7226685	179.6129048	0.275250196	-953.2527435	-3	0.262422176	47.89603277	306	19.14867794	19239.66451	45657.66787	0.9597284981
3886.489413	49332.10397	169.7226685	179.5709912	0.2751705217	-953.0302969	-3	0.2624227136	48.15845549	307	19.19857041	19240.35026	45657.61135	0.9597503589
3870.605575	49331.84154	169.7226685	179.5291012	0.2750908971	-952.8079761	-3	0.2624232468	48.42087873	308	19.24845124	19241.03536	45657.55473	0.9597722013
3854.725442	49331.57912	169.7226685	179.487235	0.2750113222	-952.5857811	-3	0.2624237756	48.68330251	309	19.29832044	19241.71982	45657.498	0.9597940254
3838.849012	49331.3167	169.7226685	179.4453924	0.2749317969	-952.3637115	-3	0.2624243	48.94572681	310	19.348178	19242.40364	45657.44117	0.959815831
3822.976284	49331.05427	169.7226685	179.4035735	0.2748523212	-952.1417675	-3	0.2624248199	49.20815163	311	19.39802394	19243.08681	45657.38423	0.9598376184
3807.107254	49330.79185	169.7226685	179.3617782	0.2747728951	-951.9199488	-3	0.2624253355	49.47057696	312	19.44785827	19243.76934	45657.3272	0.9598593874
3791.241922	49330.52942	169.7226685	179.3200065	0.2746935185	-951.6982554	-3	0.2624258467	49.73300281	313	19.49768099	19244.45124	45657.27005	0.9598811381
3775.380284	49330.267	169.7226685	179.2782583	0.2746141913	-951.4766871	-3	0.2624263535	49.99542916	314	19.5474921	19245.13249	45657.21281	0.9599028706
3759.52234	49330.00457	169.7226685	179.2365338	0.2745349135	-951.2552438	-3	0.2624268559	50.25785602	315	19.59729161	19245.81311	45657.15546	0.9599245848
3743.668085	49329.74214	169.7226685	179.1948327	0.2744556851	-951.0339255	-3	0.262427354	50.52028337	316	19.64707954	19246.49308	45657.098	0.9599462808
3727.81752	49329.47972	169.7226685	179.1531552	0.274376506	-950.812732	-3	0.2624278477	50.78271122	317	19.69685588	19247.17242	45657.04045	0.9599679586
3711.970641	49329.21729	169.7226685	179.1115012	0.2742973761	-950.5916631	-3	0.2624283371	51.04513956	318	19.74662065	19247.85113	45656.98279	0.9599896182
3696.127447	49328.95486	169.7226685	179.0698706	0.2742182955	-950.3707188	-3	0.2624288221	51.30756838	319	19.79637384	19248.52919	45656.92503	0.9600112596
3680.287935	49328.69243	169.7226685	179.0282635	0.274139264	-950.149899	-3	0.2624293027	51.56999768	320	19.84611547	19249.20663	45656.86716	0.9600328829
3664.452103	49328.43	169.7226685	178.9866798	0.2740602816	-949.9292036	-3	0.2624297791	51.83242746	321	19.89584555	19249.88343	45656.8092	0.960054488
3648.61995	49328.16757	169.7226685	178.9451196	0.2739813484	-949.7086324	-3	0.2624302511	52.09485771	322	19.94556407	19250.55959	45656.75113	0.960076075
3632.791473	49327.90514	169.7226685	178.9035827	0.2739024641	-949.4881854	-3	0.2624307188	52.35728843	323	19.99527105	19251.23513	45656.69296	0.960097644
3616.966669	49327.64271	169.7226685	178.8620692	0.2738236289	-949.2678624	-3	0.2624311822	52.61971962	324	20.04496649	19251.91003	45656.63468	0.9601191949
3601.145538	49327.38028	169.7226685	178.8205791	0.2737448425	-949.0476634	-3	0.2624316413	52.88215126	325	20.09465039	19252.5843	45656.57631	0.9601407277
3585.328077	49327.11785	169.7226685	178.7791123	0.2736661051	-948.8275881	-3	0.2624320961	53.14458335	326	20.14432278	19253.25794	45656.51783	0.9601622425
3569.514284	49326.85542	169.7226685	178.7376687	0.2735874165	-948.6076366	-3	0.2624325466	53.4070159	327	20.19398364	19253.93095	45656.45925	0.9601837393
3553.704157	49326.59298	169.7226685	178.6962485	0.2735087767	-948.3878086	-3	0.2624329929	53.66944889	328	20.24363299	19254.60333	45656.40057	0.9602052181
3537.897694	49326.33055	169.7226685	178.6548516	0.2734301857	-948.1681042	-3	0.2624334348	53.93188233	329	20.29327084	19255.27508	45656.34178	0.9602266789
3522.094892	49326.06812	169.7226685	178.6134779	0.2733516434	-947.9485231	-3	0.2624338726	54.1943162	330	20.34289719	19255.94621	45656.2829	0.9602481218
3506.29575	49325.80568	169.7226685	178.5721274	0.2732731497	-947.7290653	-3	0.262434306	54.45675051	331	20.39251204	19256.61671	45656.22391	0.9602695468
3490.500265	49325.54325	169.7226685	178.5308001	0.2731947046	-947.5097306	-3	0.2624347352	54.71918524	332	20.44211541	19257.28658	45656.16482	0.9602909539
3474.708436	49325.28081	169.7226685	178.4894961	0.2731163081	-947.290519	-3	0.2624351602	54.9816204	333	20.4917073	19257.95583	45656.10564	0.960312343
3458.920261	49325.01838	169.7226685	178.4482151	0.2730379602	-947.0714304	-3	0.2624355809	55.24405598	334	20.54128772	19258.62445	45656.04635	0.9603337143
3443.135737	49324.75594	169.7226685	178.4069574	0.2729596607	-946.8524646	-3	0.2624359974	55.50649198	335	20.59085667	19259.29246	45655.98696	0.9603550678
3427.354863	49324.49351	169.7226685	178.3657227	0.2728814096	-946.6336215	-3	0.2624364096	55.76892839	336	20.64041415	19259.95983	45655.92747	0.9603764034
3411.577636	49324.23107	169.7226685	178.3245112	0.272803207	-946.4149011	-3	0.2624368177	56.03136521	337	20.68996019	19260.62659	45655.86787	0.9603977212
3395.804054	49323.96863	169.7226685	178.2833227	0.2727250526	-946.1963031	-3	0.2624372215	56.29380243	338	20.73949477	19261.29272	45655.80818	0.9604190213
3380.034116	49323.7062	169.7226685	178.2421573	0.2726469466	-945.9778276	-3	0.2624376212	56.55624005	339	20.78901792	19261.95824	45655.74839	0.9604403035
3364.267819	49323.44376	169.7226685	178.201015	0.2725688888	-945.7594744	-3	0.2624380167	56.81867807	340	20.83852963	19262.62313	45655.6885	0.9604615681
3348.505161	49323.18132	169.7226685	178.1598956	0.2724908792	-945.5412433	-3	0.2624384079	57.08111647	341	20.88802991	19263.2874	45655.6285	0.9604828149
3332.74614	49322.91888	169.7226685	178.1187993	0.2724129178	-945.3231344	-3	0.262438795	57.34355527	342	20.93751877	19263.95106	45655.56841	0.9605040439
3316.990754	49322.65644	169.7226685	178.077726	0.2723350045	-945.1051474	-3	0.2624391779	57.60599445	343	20.98699622	19264.6141	45655.50822	0.9605252553
3301.239002	49322.39401	169.7226685	178.0366756	0.2722571393	-944.8872823	-3	0.2624395567	57.868434	344	21.03646225	19265.27652	45655.44792	0.9605464491
3285.490881	49322.13157	169.7226685	177.9956482	0.272179322	-944.669539	-3	0.2624399313	58.13087393	345	21.08591688	19265.93832	45655.38753	0.9605676251
3269.746388	49321.86913	169.7226685	177.9546437	0.2721015528	-944.4519173	-3	0.2624403018	58.39331424	346	21.13536012	19266.59951	45655.32704	0.9605887836
3254.005523	49321.60669	169.7226685	177.9136621	0.2720238315	-944.2344171	-3	0.2624406681	58.6557549	347	21.18479196	19267.26009	45655.26644	0.9606099244
3238.268283	49321.34425	169.7226685	177.8727033	0.2719461581	-944.0170384	-3	0.2624410302	58.91819593	348	21.23421243	19267.92005	45655.20575	0.9606310477
3222.534665	49321.0818	169.7226685	177.8317675	0.2718685325	-943.7997811	-3	0.2624413883	59.18063732	349	21.28362151	19268.5794	45655.14496	0.9606521534
3206.804669	49320.81936	169.7226685	177.7908544	0.2717909547	-943.582645	-3	0.2624417422	59.44307907	350	21.33301922	19269.23813	45655.08407	0.9606732415
3191.078292	49320.55692	169.7226685	177.7499642	0.2717134247	-943.36563	-3	0.262442092	59.70552116	351	21.38240557	19269.89625	45655.02308	0.9606943121
3175.355531	49320.29448	169.7226685	177.7090968	0.2716359424	-943.148736	-3	0.2624424377	59.9679636	352	21.43178056	19270.55376	45654.962	0.9607153652
3159.636386	49320.03204	169.7226685	177.6682522	0.2715585077	-942.9319629	-3	0.2624427793	60.23040637	353	21.4811442	19271.21066	45654.90081	0.9607364007
3143.920853	49319.76959	169.7226685	177.6274304	0.2714811207	-942.7153107	-3	0.2624431168	60.49284949	354	21.53049649	19271.86696	45654.83953	0.9607574189
3128.208931	49319.50715	169.7226685	177.5866313	0.2714037812	-942.4987791	-3	0.2624434502	60.75529294	355	21.57983745	19272.52264	45654.77814	0.9607784195
3112.500618	49319.24471	169.7226685	177.5458549	0.2713264893	-942.2823682	-3	0.2624437795	61.01773672	356	21.62916707	19273.17771	45654.71666	0.9607994027
3096.795912	49318.98226	169.7226685	177.5051012	0.2712492448	-942.0660777	-3	0.2624441048	61.28018083	357	21.67848536	19273.83218	45654.65508	0.9608203686
3081.094811	49318.71982	169.7226685	177.4643702	0.2711720478	-941.8499076	-3	0.262444426	61.54262525	358	21.72779233	19274.48604	45654.5934	0.960841317
3065.397312	49318.45737	169.7226685	177.4236619	0.2710948982	-941.6338578	-3	0.2624447431	61.80506999	359	21.77708799	19275.13929	45654.53163	0.960862248
3049.703415	49318.19493	169.7226685	177.3829762	0.271017796	-941.4179282	-3	0.2624450562	62.06751505	360	21.82637234	19275.79194	45654.46975	0.9608831617
3034.013116	49317.93248	169.7226685	177.3423131	0.270940741	-941.2021186	-3	0.2624453652	62.32996042	361	21.87564539	19276.44398	45654.40778	0.960904058
3018.326414	49317.67004	169.7226685	177.3016726	0.2708637333	-940.986429	-3	0.2624456702	62.59240609	362	21.92490714	19277.09542	45654.34571	0.9609249371
3002.643307	49317.40759	169.7226685	177.2610548	0.2707867729	-940.7708593	-3	0.2624459711	62.85485206	363	21.97415761	19277.74625	45654.28354	0.9609457988
2986.963792	49317.14515	169.7226685	177.2204595	0.2707098596	-940.5554093	-3	0.2624462681	63.11729833	364	22.02339679	19278.39649	45654.22128	0.4
2971.287869	49316.8827	168.2849463	175.6816717	0.2683445486	-932.3886598	-3	0.2597920181	63.37709034	365	22.07262469	19107.03417	45465.19627	0.4
2955.748058	49316.62291	166.8469729	174.143572	0.2659806766	-924.2255616	-3	0.2572991665	63.63438951	366	22.12142516	18947.12197	45287.77394	0.4
2940.344298	49316.36561	165.40875	172.6061543	0.2636182305	-916.0660831	-3	0.2549708346	63.88936034	367	22.16979837	18798.93294	45122.22724	0.4
2925.07653	49316.11064	163.9702791	171.0694127	0.2612571978	-907.9101927	-3	0.2528102864	64.14217063	368	22.21774453	18662.75202	44968.841	0.4
2909.944694	49315.85783	162.5315618	169.5333412	0.2588975656	-899.7578587	-3	0.2508209368	64.39299157	369	22.26526381	18538.87664	44827.91256	0.4
2894.948729	49315.60701	161.0925997	167.9979339	0.256539321	-891.6090497	-3	0.2490063595	64.64199793	370	22.3123564	18427.61745	44699.75243	0.4
2880.088579	49315.358	159.6533944	166.4631847	0.2541824513	-883.463734	-3	0.2473702954	64.88936822	371	22.3590225	18329.29898	44584.68506	0.4
2865.364183	49315.11063	158.2139475	164.9290879	0.2518269439	-875.3218799	-3	0.2459166625	65.13528489	372	22.40526227	18244.26046	44483.04954	0.4
2850.775485	49314.86472	156.7742607	163.3956373	0.2494727858	-867.1834561	-3	0.2446495651	65.37993445	373	22.4510759	18172.85661	44395.20051	0.4
2836.322428	49314.62007	155.3343356	161.8628271	0.2471199644	-859.0484307	-3	0.2435733045	65.62350776	374	22.49646358	18115.45855	44321.50894	0.4
2822.004954	49314.37649	153.8941738	160.3306513	0.2447684669	-850.9167723	-3	0.2426923904	65.86620015	375	22.54142548	18072.45469	44262.36314	0.4
2807.823007	49314.1338	152.4537771	158.7991039	0.2424182807	-842.7884493	-3	0.2420115522	66.1082117	376	22.58596177	18044.25174	44218.16969	0.4
2793.776533	49313.89179	151.0131472	157.2681791	0.2400693929	-834.6634301	-3	0.502834019	66.61104572	377	22.63007263	37537.87496	63695.95374	0.4
2779.865476	49313.38895	149.5722856	155.7378708	0.237721791	-826.5416831	-3	0.4967726468	67.10781836	378	22.67375824	37131.74988	63274.00215	0.4
2766.089781	49312.89218	148.1311942	154.2081732	0.2353754622	-818.4231768	-3	0.4909815863	67.59879995	379	22.71701876	36744.81952	62871.39959	0.4
2752.449395	49312.4012	146.6898746	152.6790802	0.2330303939	-810.3078796	-3	0.4854661579	68.08426611	380	22.75985436	36377.55547	62488.61747	0.4
2738.944264	49311.91573	145.2483287	151.1505859	0.2306865733	-802.19576	-3	0.4802319605	68.56449807	381	22.80226522	36030.45251	62126.1504	0.4
2725.574334	49311.4355	143.8065582	149.6226843	0.2283439879	-794.0867863	-3	0.4752848882	69.03978296	382	22.84425149	35704.03004	61784.51761	0.4
2712.339555	49310.96022	142.3645647	148.0953696	0.226002625	-785.980927	-3	0.4706311487	69.51041411	383	22.88581335	35398.83355	61464.26441	0.4
2699.239873	49310.48959	140.9223502	146.5686358	0.2236624718	-777.8781506	-3	0.4662772827	69.97669139	384	22.92695095	35115.4363	61165.96388	0.4
2686.275237	49310.02331	139.4799164	145.0424769	0.2213235159	-769.7784256	-3	0.4622301845	70.43892157	385	22.96766446	34854.44105	60890.2186	0.9733770204
2673.445596	49309.56108	139.4799164	145.0151561	0.2212718836	-769.6334265	-3	0.4622222193	70.90114379	386	23.00795404	34854.62538	60889.84033	0.97338893
2660.618373	49309.09886	139.4799164	144.9878477	0.2212202775	-769.4884941	-3	0.462214255	71.36335805	387	23.04823602	34854.80944	60889.46202	0.9734008312
2647.793564	49308.63664	139.4799164	144.960552	0.2211686974	-769.3436283	-3	0.4622062918	71.82556434	388	23.08851043	34854.99323	60889.08368	0.9734127241
2634.97117	49308.17444	139.4799164	144.9332687	0.2211171434	-769.198829	-3	0.4621983296	72.28776267	389	23.12877725	34855.17673	60888.7053	0.9734246086
2622.15119	49307.71224	139.4799164	144.905998	0.2210656154	-769.0540962	-3	0.4621903685	72.74995304	390	23.16903649	34855.35997	60888.32689	0.9734364848
2609.333622	49307.25005	139.4799164	144.8787398	0.2210141135	-768.9094298	-3	0.4621824083	73.21213544	391	23.20928815	34855.54292	60887.94845	0.9734483527
2596.518465	49306.78786	139.4799164	144.8514941	0.2209626376	-768.7648299	-3	0.4621744492	73.67430989	392	23.24953225	34855.72561	60887.56997	0.9734602123
2583.705717	49306.32569	139.4799164	144.824261	0.2209111877	-768.6202962	-3	0.4621664911	74.13647639	393	23.28976877	34855.90802	60887.19145	0.9734720636
2570.895379	49305.86352	139.4799164	144.7970403	0.2208597638	-768.4758289	-3	0.462158534	74.59863492	394	23.32999774	34856.09015	60886.8129	0.9734839066
2558.087449	49305.40137	139.4799164	144.7698321	0.2208083658	-768.3314278	-3	0.4621505779	75.0607855	395	23.37021914	34856.27201	60886.43432	0.9734957414
2545.281925	49304.93921	139.4799164	144.7426363	0.2207569938	-768.1870929	-3	0.4621426229	75.52292812	396	23.41043298	34856.4536	60886.0557	0.9735075678
2532.478807	49304.47707	139.4799164	144.7154531	0.2207056476	-768.0428242	-3	0.4621346689	75.98506279	397	23.45063927	34856.63492	60885.67705	0.973519386
2519.678093	49304.01494	139.4799164	144.6882822	0.2206543274	-767.8986215	-3	0.4621267159	76.4471895	398	23.490838	34856.81596	60885.29837	0.973531196
2506.879783	49303.55281	139.4799164	144.6611239	0.220603033	-767.754485	-3	0.4621187639	76.90930827	399	23.53102919	34856.99673	60884.91965	0.9735429977
2494.083874	49303.09069	139.4799164	144.6339779	0.2205517645	-767.6104144	-3	0.462110813	77.37141908	400	23.57121284	34857.17723	60884.5409	0.9735547911
2481.290368	49302.62858	139.4799164	144.6068444	0.2205005218	-767.4664098	-3	0.462102863	77.83352194	401	23.61138894	34857.35746	60884.16211	0.9735665763
2468.499261	49302.16648	139.4799164	144.5797233	0.220449305	-767.3224711	-3	0.4620949141	78.29561686	402	23.65155751	34857.53742	60883.78329	0.9735783533
2455.710553	49301.70438	139.4799164	144.5526147	0.2203981139	-767.1785982	-3	0.4620869663	78.75770383	403	23.69171855	34857.7171	60883.40443	0.9735901221
2442.924243	49301.2423	139.4799164	144.5255184	0.2203469486	-767.0347912	-3	0.4620790194	79.21978284	404	23.73187205	34857.89651	60883.02554	0.9736018826
2430.14033	49300.78022	139.4799164	144.4984345	0.220295809	-766.89105	-3	0.4620710736	79.68185392	405	23.77201803	34858.07565	60882.64662	0.973613635
2417.358812	49300.31815	139.4799164	144.471363	0.2202446952	-766.7473744	-3	0.4620631288	80.14391705	406	23.81215648	34858.25453	60882.26766	0.9736253792
2404.579689	49299.85608	139.4799164	144.4443039	0.2201936071	-766.6037646	-3	0.462055185	80.60597223	407	23.85228742	34858.43313	60881.88867	0.9736371151
2391.80296	49299.39403	139.4799164	144.4172571	0.2201425447	-766.4602204	-3	0.4620472423	81.06801947	408	23.89241083	34858.61146	60881.50965	0.9736488429
2379.028623	49298.93198	139.4799164	144.3902227	0.220091508	-766.3167417	-3	0.4620393006	81.53005877	409	23.93252674	34858.78952	60881.13059	0.9736605625
2366.256677	49298.46994	139.4799164	144.3632007	0.2200404969	-766.1733286	-3	0.4620313599	81.99209013	410	23.97263513	34858.96731	60880.7515	0.973672274
2353.487122	49298.00791	139.4799164	144.336191	0.2199895115	-766.029981	-3	0.4620234202	82.45411355	411	24.01273602	34859.14484	60880.37238	0.9736839773
2340.719955	49297.54589	139.4799164	144.3091936	0.2199385517	-765.8866988	-3	0.4620154816	82.91612904	412	24.05282941	34859.32209	60879.99322	0.9736956725
2327.955177	49297.08387	139.4799164	144.2822085	0.2198876174	-765.743482	-3	0.462007544	83.37813658	413	24.0929153	34859.49908	60879.61403	0.9737073595
2315.192786	49296.62186	139.4799164	144.2552358	0.2198367088	-765.6003306	-3	0.4619996075	83.84013619	414	24.13299369	34859.67579	60879.2348	0.9737190383
2302.43278	49296.15986	139.4799164	144.2282753	0.2197858257	-765.4572444	-3	0.4619916719	84.30212786	415	24.17306459	34859.85224	60878.85554	0.9737307091
2289.675159	49295.69787	139.4799164	144.2013272	0.2197349682	-765.3142235	-3	0.4619837374	84.7641116	416	24.213128	34860.02843	60878.47625	0.9737423717
2276.919922	49295.23589	139.4799164	144.1743913	0.2196841361	-765.1712678	-3	0.461975804	85.2260874	417	24.25318392	34860.20434	60878.09693	0.9737540262
2264.167068	49294.77391	139.4799164	144.1474677	0.2196333296	-765.0283773	-3	0.4619678716	85.68805527	418	24.29323236	34860.37999	60877.71757	0.9737656727
2251.416595	49294.31194	139.4799164	144.1205564	0.2195825485	-764.8855518	-3	0.4619599402	86.15001521	419	24.33327332	34860.55537	60877.33817	0.973777311
2238.668502	49293.84998	139.4799164	144.0936573	0.2195317929	-764.7427915	-3	0.4619520098	86.61196722	420	24.37330681	34860.73048	60876.95875	0.9737889412
2225.922789	49293.38803	139.4799164	144.0667705	0.2194810628	-764.6000961	-3	0.4619440805	87.0739113	421	24.41333283	34860.90533	60876.57929	0.9738005634
2213.179454	49292.92609	139.4799164	144.039896	0.219430358	-764.4574657	-3	0.4619361522	87.53584746	422	24.45335138	34861.07991	60876.1998	0.9738121774
2200.438497	49292.46415	139.4799164	144.0130336	0.2193796787	-764.3149003	-3	0.4619282249	87.99777568	423	24.49336246	34861.25422	60875.82028	0.9738237835
2187.699915	49292.00222	139.4799164	143.9861835	0.2193290247	-764.1723997	-3	0.4619202987	88.45969598	424	24.53336608	34861.42827	60875.44072	0.9738353814
2174.963708	49291.5403	139.4799164	143.9593456	0.2192783961	-764.0299639	-3	0.4619123735	88.92160835	425	24.57336224	34861.60205	60875.06113	0.9738469713
2162.229875	49291.07839	139.4799164	143.9325199	0.2192277929	-763.887593	-3	0.4619044493	89.3835128	426	24.61335095	34861.77557	60874.6815	0.9738585532
2149.498416	49290.61649	139.4799164	143.9057064	0.2191772149	-763.7452867	-3	0.4618965262	89.84540933	427	24.6533322	34861.94882	60874.30185	0.973870127
2136.769327	49290.15459	139.4799164	143.8789051	0.2191266623	-763.6030452	-3	0.4618886042	90.30729793	428	24.69330601	34862.12181	60873.92216	0.9738816928
2124.04261	49289.6927	139.4799164	143.852116	0.2190761349	-763.4608683	-3	0.4618806831	90.76917862	429	24.73327237	34862.29454	60873.54244	0.9738932506
2111.318262	49289.23082	139.4799164	143.8253391	0.2190256329	-763.318756	-3	0.4618727631	91.23105138	430	24.77323129	34862.467	60873.16268	0.9739048004
2098.596283	49288.76895	139.4799164	143.7985743	0.218975156	-763.1767082	-3	0.4618648442	91.69291622	431	24.81318278	34862.63919	60872.78289	0.9739163421
2085.876671	49288.30708	139.4799164	143.7718216	0.2189247044	-763.034725	-3	0.4618569262	92.15477315	432	24.85312683	34862.81113	60872.40307	0.9739278759
2073.159426	49287.84523	139.4799164	143.7450811	0.218874278	-762.8928062	-3	0.4618490094	92.61662216	433	24.89306344	34862.9828	60872.02322	0.9739394017
2060.444546	49287.38338	139.4799164	143.7183528	0.2188238768	-762.7509518	-3	0.4618410935	93.07846325	434	24.93299263	34863.1542	60871.64333	0.9739509195
2047.73203	49286.92154	139.4799164	143.6916366	0.2187735007	-762.6091618	-3	0.4618331787	93.54029643	435	24.9729144	34863.32535	60871.26341	0.9739624293
2035.021877	49286.4597	139.4799164	143.6649324	0.2187231498	-762.4674361	-3	0.461825265	94.0021217	436	25.01282874	34863.49623	60870.88346	0.9739739311
2022.314087	49285.99788	139.4799164	143.6382404	0.2186728241	-762.3257747	-3	0.4618173523	94.46393905	437	25.05273567	34863.66685	60870.50348	0.973985425
2009.608657	49285.53606	139.4799164	143.6115606	0.2186225234	-762.1841775	-3	0.4618094406	94.92574849	438	25.09263518	34863.8372	60870.12346	0.9739969109
1996.905587	49285.07425	139.4799164	143.5848928	0.2185722478	-762.0426445	-3	0.46180153	95.38755002	439	25.13252728	34864.0073	60869.74342	0.4
1984.204877	49284.61245	138.0230474	142.0599643	0.216241351	-753.9494494	-3	0.4580252743	95.84557529	440	25.17241197	34622.48948	60613.84664	0.4
1971.639052	49284.15442	136.5659514	140.5355905	0.213911606	-745.8591986	-3	0.4545767698	96.30015206	441	25.21187307	34405.15265	60382.28294	0.4
1959.208066	49283.69985	135.1086306	139.0117656	0.2115830002	-737.7718607	-3	0.4514643541	96.75161642	442	25.25091073	34212.72073	60175.77605	0.4
1946.911868	49283.24838	133.6510869	137.4884837	0.2092555211	-729.6874043	-3	0.448696837	97.20031325	443	25.28952511	34045.95704	59995.08908	0.4
1934.750411	49282.79969	132.1933223	135.9657387	0.2069291563	-721.6057979	-3	0.4462835317	97.64659679	444	25.32771636	33905.66697	59841.02721	0.4
1922.723648	49282.3534	130.7353388	134.4435249	0.2046038933	-713.5270103	-3	0.4442342894	98.09083107	445	25.36548462	33792.70079	59714.44052	0.9771106046
1910.831531	49281.90917	130.7353388	134.420125	0.2045598072	-713.4028209	-3	0.4442258522	98.53505693	446	25.40283004	33792.71654	59713.9702	0.9771201188
1898.941484	49281.46494	130.7353388	134.3967351	0.2045157417	-713.2786844	-3	0.4442174163	98.97927434	447	25.44016897	33792.73211	59713.4999	0.9771296269
1887.053506	49281.02073	130.7353388	134.3733551	0.2044716968	-713.1546006	-3	0.4442089819	99.42348333	448	25.47750139	33792.74751	59713.02959	0.9771391287
1875.167596	49280.57652	130.7353388	134.349985	0.2044276726	-713.0305696	-3	0.4442005488	99.86768387	449	25.51482733	33792.76273	59712.55929	0.9771486244
1863.283753	49280.13232	130.7353388	134.3266249	0.2043836689	-712.9065913	-3	0.4441921171	100.311876	450	25.55214677	33792.77778	59712.089	0.9771581138
1851.401977	49279.68812	130.7353388	134.3032747	0.2043396857	-712.7826657	-3	0.4441836867	100.7560597	451	25.58945972	33792.79266	59711.6187	0.9771675971
1839.522266	49279.24394	130.7353388	134.2799344	0.2042957231	-712.6587927	-3	0.4441752577	101.2002349	452	25.62676618	33792.80736	59711.14842	0.9771770741
1827.644619	49278.79977	130.7353388	134.2566041	0.2042517811	-712.5349724	-3	0.4441668301	101.6444018	453	25.66406616	33792.82188	59710.67813	0.977186545
1815.769036	49278.3556	130.7353388	134.2332836	0.2042078595	-712.4112046	-3	0.4441584039	102.0885602	454	25.70135967	33792.83624	59710.20785	0.9771960098
1803.895516	49277.91144	130.7353388	134.209973	0.2041639585	-712.2874894	-3	0.4441499791	102.5327101	455	25.73864669	33792.85042	59709.73758	0.9772054683
1792.024058	49277.46729	130.7353388	134.1866724	0.204120078	-712.1638266	-3	0.4441415556	102.9768517	456	25.77592724	33792.86443	59709.2673	0.9772149207
1780.154661	49277.02315	130.7353388	134.1633816	0.2040762179	-712.0402164	-3	0.4441331335	103.4209848	457	25.81320131	33792.87826	59708.79704	0.977224367
1768.287324	49276.57902	130.7353388	134.1401007	0.2040323783	-711.9166586	-3	0.4441247127	103.8651096	458	25.85046892	33792.89193	59708.32677	0.9772338071
1756.422046	49276.13489	130.7353388	134.1168297	0.2039885592	-711.7931532	-3	0.4441162934	104.3092258	459	25.88773006	33792.90541	59707.85651	0.977243241
1744.558827	49275.69077	130.7353388	134.0935685	0.2039447605	-711.6697001	-3	0.4441078754	104.7533337	460	25.92498473	33792.91873	59707.38626	0.9772526688
1732.697665	49275.24667	130.7353388	134.0703172	0.2039009822	-711.5462994	-3	0.4440994588	105.1974332	461	25.96223295	33792.93188	59706.91601	0.9772620905
1720.83856	49274.80257	130.7353388	134.0470758	0.2038572243	-711.422951	-3	0.4440910435	105.6415242	462	25.9994747	33792.94485	59706.44576	0.977271506
1708.981511	49274.35848	130.7353388	134.0238442	0.2038134868	-711.2996548	-3	0.4440826296	106.0856069	463	26.03671	33792.95765	59705.97552	0.9772809155
1697.126517	49273.91439	130.7353388	134.0006224	0.2037697697	-711.1764109	-3	0.4440742171	106.5296811	464	26.07393885	33792.97028	59705.50528	0.9772903188
1685.273577	49273.47032	130.7353388	133.9774105	0.2037260729	-711.0532192	-3	0.444065806	106.9737469	465	26.11116124	33792.98273	59705.03504	0.977299716
1673.42269	49273.02625	130.7353388	133.9542084	0.2036823965	-710.9300796	-3	0.4440573962	107.4178043	466	26.14837719	33792.99502	59704.56481	0.977309107
1661.573855	49272.5822	130.7353388	133.9310162	0.2036387404	-710.8069921	-3	0.4440489878	107.8618533	467	26.18558669	33793.00713	59704.09458	0.977318492
1649.727072	49272.13815	130.7353388	133.9078337	0.2035951046	-710.6839568	-3	0.4440405808	108.3058938	468	26.22278975	33793.01908	59703.62436	0.9773278709
1637.882339	49271.69411	130.7353388	133.8846611	0.2035514892	-710.5609734	-3	0.4440321751	108.749926	469	26.25998637	33793.03085	59703.15414	0.9773372437
1626.039656	49271.25007	130.7353388	133.8614982	0.203507894	-710.4380421	-3	0.4440237708	109.1939498	470	26.29717655	33793.04245	59702.68393	0.9773466104
1614.199022	49270.80605	130.7353388	133.8383452	0.2034643191	-710.3151628	-3	0.4440153679	109.6379652	471	26.3343603	33793.05388	59702.21372	0.9773559711
1602.360436	49270.36203	130.7353388	133.8152019	0.2034207645	-710.1923355	-3	0.4440069663	110.0819721	472	26.37153762	33793.06514	59701.74351	0.9773653256
1590.523897	49269.91803	130.7353388	133.7920684	0.2033772301	-710.06956	-3	0.4439985662	110.5259707	473	26.40870851	33793.07623	59701.27331	0.9773746741
1578.689405	49269.47403	130.7353388	133.7689447	0.2033337159	-709.9468364	-3	0.4439901673	110.9699609	474	26.44587297	33793.08715	59700.80311	0.9773840165
1566.856958	49269.03004	130.7353388	133.7458308	0.203290222	-709.8241647	-3	0.4439817699	111.4139426	475	26.48303102	33793.0979	59700.33292	0.9773933529
1555.026555	49268.58606	130.7353388	133.7227266	0.2032467482	-709.7015448	-3	0.4439733738	111.857916	476	26.52018263	33793.10848	59699.86273	0.9774026832
1543.198196	49268.14208	130.7353388	133.6996322	0.2032032946	-709.5789766	-3	0.4439649791	112.301881	477	26.55732784	33793.11889	59699.39254	0.9774120075
1531.371879	49267.69812	130.7353388	133.6765475	0.2031598613	-709.4564602	-3	0.4439565858	112.7458376	478	26.59446662	33793.12913	59698.92236	0.9774213257
1519.547605	49267.25416	130.7353388	133.6534726	0.203116448	-709.3339955	-3	0.4439481938	113.1897858	479	26.631599	33793.1392	59698.45219	0.9774306379
1507.725372	49266.81021	130.7353388	133.6304074	0.2030730549	-709.2115824	-3	0.4439398032	113.6337256	480	26.66872496	33793.1491	59697.98201	0.977439944
1495.905179	49266.36627	130.7353388	133.6073519	0.203029682	-709.089221	-3	0.443931414	114.077657	481	26.70584452	33793.15883	59697.51184	0.4
1484.087025	49265.92234	129.2682406	132.0860152	0.2007096203	-701.0150888	-3	0.4422409603	114.5198979	482	26.74295767	33707.14987	59598.15835	0.4
1472.40344	49265.4801	127.8009209	130.5651931	0.1983906239	-692.9436874	-3	0.4409405151	114.9608384	483	26.77964823	33650.6719	59528.4862	0.4
1460.854379	49265.03916	126.3333819	129.0448796	0.1960726806	-684.8749855	-3	0.4400419887	115.4008804	484	26.81591634	33624.74783	59489.51809	0.4
1449.439796	49264.59912	124.8656257	127.5250689	0.1937557778	-676.8089519	-3	0.4395580123	115.8404384	485	26.85176214	33630.4608	59482.33691	0.9793982433
1438.159647	49264.15956	124.8656257	127.5040568	0.1937162653	-676.6974348	-3	0.4395491037	116.2799876	486	26.88718577	33630.37023	59481.80097	0.9794063778
1426.881356	49263.72001	124.8656257	127.4830531	0.1936767703	-676.5859626	-3	0.4395401966	116.7195277	487	26.92260357	33630.27954	59481.26506	0.9794145071
1415.604923	49263.28047	124.8656257	127.4620578	0.1936372928	-676.4745353	-3	0.4395312911	117.159059	488	26.95801552	33630.18872	59480.72916	0.9794226315
1404.330348	49262.84094	124.8656257	127.441071	0.1935978328	-676.363153	-3	0.4395223871	117.5985814	489	26.99342165	33630.09778	59480.19329	0.9794307507
1393.057628	49262.40142	124.8656257	127.4200927	0.1935583902	-676.2518155	-3	0.4395134846	118.0380949	490	27.02882195	33630.00672	59479.65743	0.979438865
1381.786765	49261.96191	124.8656257	127.3991228	0.1935189651	-676.1405228	-3	0.4395045837	118.4775995	491	27.06421642	33629.91553	59479.1216	0.9794469742
1370.517756	49261.5224	124.8656257	127.3781614	0.1934795575	-676.029275	-3	0.4394956842	118.9170952	492	27.09960507	33629.82422	59478.58579	0.9794550784
1359.250602	49261.0829	124.8656257	127.3572084	0.1934401673	-675.9180719	-3	0.4394867864	119.356582	493	27.13498789	33629.73279	59478.05	0.9794631775
1347.9853	49260.64342	124.8656257	127.3362638	0.1934007946	-675.8069136	-3	0.43947789	119.7960599	494	27.17036489	33629.64123	59477.51424	0.9794712717
1336.721852	49260.20394	124.8656257	127.3153277	0.1933614393	-675.6958	-3	0.4394689952	120.2355289	495	27.20573607	33629.54955	59476.97849	0.9794793608
1325.460255	49259.76447	124.8656257	127.2943999	0.1933221013	-675.5847311	-3	0.439460102	120.674989	496	27.24110144	33629.45775	59476.44277	0.9794874449
1314.20051	49259.32501	124.8656257	127.2734806	0.1932827808	-675.4737069	-3	0.4394512102	121.1144402	497	27.276461	33629.36583	59475.90707	0.979495524
1302.942615	49258.88556	124.8656257	127.2525698	0.1932434776	-675.3627273	-3	0.43944232	121.5538825	498	27.31181474	33629.27378	59475.37138	0.979503598
1291.686569	49258.44612	124.8656257	127.2316673	0.1932041918	-675.2517923	-3	0.4394334313	121.9933159	499	27.34716268	33629.18161	59474.83572	0.9795116671
1280.432373	49258.00668	124.8656257	127.2107732	0.1931649234	-675.140902	-3	0.4394245442	122.4327405	500	27.38250481	33629.08932	59474.30009	0.9795197312
1269.180024	49257.56726	124.8656257	127.1898875	0.1931256723	-675.0300561	-3	0.4394156586	122.8721561	501	27.41784114	33628.9969	59473.76447	0.9795277903
1257.929523	49257.12784	124.8656257	127.1690102	0.1930864385	-674.9192548	-3	0.4394067745	123.3115629	502	27.45317166	33628.90437	59473.22887	0.9795358444
1246.680869	49256.68844	124.8656257	127.1481413	0.1930472221	-674.808498	-3	0.4393978919	123.7509608	503	27.48849638	33628.81171	59472.6933	0.9795438935
1235.434061	49256.24904	124.8656257	127.1272807	0.193008023	-674.6977857	-3	0.4393890109	124.1903498	504	27.52381531	33628.71893	59472.15775	0.9795519377
1224.189098	49255.80965	124.8656257	127.1064286	0.1929688411	-674.5871178	-3	0.4393801314	124.6297299	505	27.55912845	33628.62603	59471.62222	0.9795599768
1212.945979	49255.37027	124.8656257	127.0855848	0.1929296766	-674.4764943	-3	0.4393712535	125.0691012	506	27.59443579	33628.533	59471.08671	0.979568011
1201.704704	49254.9309	124.8656257	127.0647494	0.1928905293	-674.3659153	-3	0.439362377	125.5084636	507	27.62973734	33628.43986	59470.55122	0.9795760403
1190.465272	49254.49154	124.8656257	127.0439223	0.1928513993	-674.2553805	-3	0.4393535021	125.9478171	508	27.6650331	33628.34659	59470.01575	0.9795840645
1179.227682	49254.05218	124.8656257	127.0231036	0.1928122866	-674.1448901	-3	0.4393446287	126.3871617	509	27.70032308	33628.2532	59469.48031	0.9795920838
1167.991934	49253.61284	124.8656257	127.0022932	0.192773191	-674.034444	-3	0.4393357569	126.8264974	510	27.73560728	33628.15969	59468.94488	0.9796000982
1156.758027	49253.1735	124.8656257	126.9814912	0.1927341127	-673.9240422	-3	0.4393268865	127.2658243	511	27.77088569	33628.06606	59468.40948	0.9796081076
1145.52596	49252.73418	124.8656257	126.9606975	0.1926950517	-673.8136846	-3	0.4393180177	127.7051423	512	27.80615833	33627.97231	59467.8741	0.979616112
1134.295731	49252.29486	124.8656257	126.9399121	0.1926560078	-673.7033713	-3	0.4393091505	128.1444515	513	27.84142519	33627.87844	59467.33874	0.9796241115
1123.067342	49251.85555	124.8656257	126.9191351	0.1926169811	-673.5931021	-3	0.4393002847	128.5837518	514	27.87668627	33627.78444	59466.8034	0.9796321061
1111.84079	49251.41625	124.8656257	126.8983664	0.1925779716	-673.4828771	-3	0.4392914205	129.0230432	515	27.91194159	33627.69033	59466.26808	0.9796400957
1100.616076	49250.97696	124.8656257	126.877606	0.1925389793	-673.3726962	-3	0.4392825578	129.4623258	516	27.94719114	33627.59609	59465.73279	0.9796480804
1089.393197	49250.53767	124.8656257	126.8568539	0.1925000041	-673.2625594	-3	0.4392736966	129.9015995	517	27.98243492	33627.50174	59465.19751	0.9796560602
1078.172155	49250.0984	124.8656257	126.8361101	0.1924610461	-673.1524667	-3	0.439264837	130.3408643	518	28.01767293	33627.40726	59464.66226	0.9796640351
1066.952947	49249.65914	124.8656257	126.8153746	0.1924221052	-673.0424181	-3	0.4392559788	130.7801203	519	28.05290518	33627.31267	59464.12703	0.979672005
1055.735573	49249.21988	124.8656257	126.7946474	0.1923831815	-672.9324134	-3	0.4392471222	131.2193674	520	28.08813168	33627.21795	59463.59181	0.97967997
1044.520033	49248.78063	124.8656257	126.7739285	0.1923442748	-672.8224528	-3	0.4392382671	131.6586057	521	28.12335241	33627.12311	59463.05662	0.9796879301
1033.306325	49248.34139	124.8656257	126.7532179	0.1923053853	-672.7125361	-3	0.4392294136	132.0978351	522	28.15856739	33627.02816	59462.52146	0.9796958854
1022.09445	49247.90216	124.8656257	126.7325155	0.1922665128	-672.6026634	-3	0.4392205615	132.5370556	523	28.19377662	33626.93308	59461.98631	0.9797038357
1010.884405	49247.46294	124.8656257	126.7118215	0.1922276574	-672.4928346	-3	0.439211711	132.9762673	524	28.2289801	33626.83789	59461.45118	0.9797117811
999.6761916	49247.02373	124.8656257	126.6911357	0.1921888191	-672.3830496	-3	0.439202862	133.4154702	525	28.26417782	33626.74257	59460.91608	0.4
988.4698074	49246.58453	123.3882084	125.1721543	0.1898771784	-664.3214175	-3	0.4391392804	133.8546095	526	28.29936981	33664.67369	59486.22721	0.4
977.3977838	49246.14539	121.9105716	123.6536592	0.1875665421	-656.2623661	-3	0.4395233067	134.2941328	527	28.33413985	33737.04535	59546.12779	0.4
966.4600777	49245.70587	120.4327174	122.1356445	0.185256898	-648.2058641	-3	0.4403703551	134.7345032	528	28.36848809	33845.17413	59641.93413	0.9811143712
955.6566466	49245.2655	120.4327174	122.1164162	0.1852208073	-648.1038147	-3	0.4403609992	135.1748642	529	28.40241466	33845.00184	59641.34334	0.9811215142
944.8549164	49244.82514	120.4327174	122.0971953	0.1851847319	-648.0018045	-3	0.4403516449	135.6152158	530	28.43633588	33844.82945	59640.75259	0.981128653
934.0548863	49244.38478	120.4327174	122.0779819	0.1851486718	-647.8998337	-3	0.4403422923	136.0555581	531	28.47025177	33844.65698	59640.16186	0.9811357876
923.2565557	49243.94444	120.4327174	122.0587758	0.185112627	-647.7979022	-3	0.4403329413	136.495891	532	28.50416232	33844.48441	59639.57117	0.9811429179
912.459924	49243.50411	120.4327174	122.0395772	0.1850765974	-647.6960099	-3	0.4403235919	136.9362146	533	28.53806754	33844.31176	59638.98051	0.9811500439
901.6649905	49243.06379	120.4327174	122.0203859	0.1850405831	-647.5941569	-3	0.4403142441	137.3765289	534	28.57196742	33844.13901	59638.38988	0.9811571657
890.8717546	49242.62347	120.4327174	122.0012021	0.185004584	-647.4923431	-3	0.4403048979	137.8168338	535	28.60586197	33843.96617	59637.79929	0.9811642833
880.0802155	49242.18317	120.4327174	121.9820256	0.1849686002	-647.3905685	-3	0.4402955534	138.2571293	536	28.63975119	33843.79324	59637.20872	0.9811713967
869.2903727	49241.74287	120.4327174	121.9628565	0.1849326316	-647.2888331	-3	0.4402862105	138.6974155	537	28.67363509	33843.62022	59636.61819	0.9811785058
858.5022255	49241.30258	120.4327174	121.9436948	0.1848966781	-647.1871368	-3	0.4402768692	139.1376924	538	28.70751366	33843.44711	59636.02768	0.9811856107
847.7157732	49240.86231	120.4327174	121.9245404	0.1848607399	-647.0854796	-3	0.4402675296	139.5779599	539	28.74138691	33843.27391	59635.43721	0.9811927113
836.9310152	49240.42204	120.4327174	121.9053934	0.1848248169	-646.9838615	-3	0.4402581915	140.0182181	540	28.77525484	33843.10061	59634.84677	0.9811998078
826.1479509	49239.98178	120.4327174	121.8862538	0.184788909	-646.8822825	-3	0.4402488551	140.458467	541	28.80911745	33842.92723	59634.25636	0.9812069
815.3665795	49239.54153	120.4327174	121.8671215	0.1847530164	-646.7807426	-3	0.4402395203	140.8987065	542	28.84297474	33842.75376	59633.66598	0.981213988
804.5869005	49239.10129	120.4327174	121.8479966	0.1847171388	-646.6792417	-3	0.4402301871	141.3389367	543	28.87682672	33842.5802	59633.07564	0.9812210718
793.8089131	49238.66106	120.4327174	121.8288791	0.1846812765	-646.5777798	-3	0.4402208556	141.7791575	544	28.91067338	33842.40654	59632.48532	0.9812281514
783.0326168	49238.22084	120.4327174	121.8097688	0.1846454292	-646.4763568	-3	0.4402115256	142.2193691	545	28.94451474	33842.2328	59631.89504	0.9812352268
772.2580108	49237.78063	120.4327174	121.790666	0.1846095972	-646.3749729	-3	0.4402021973	142.6595713	546	28.97835078	33842.05897	59631.30479	0.981242298
761.4850946	49237.34043	120.4327174	121.7715704	0.1845737802	-646.2736278	-3	0.4401928706	143.0997641	547	29.01218152	33841.88504	59630.71456	0.981249365
750.7138675	49236.90024	120.4327174	121.7524822	0.1845379783	-646.1723217	-3	0.4401835455	143.5399477	548	29.04600696	33841.71103	59630.12437	0.9812564278
739.9443288	49236.46005	120.4327174	121.7334013	0.1845021916	-646.0710544	-3	0.440174222	143.9801219	549	29.0798271	33841.53693	59629.53421	0.9812634864
729.1764779	49236.01988	120.4327174	121.7143278	0.1844664199	-645.9698261	-3	0.4401649001	144.4202868	550	29.11364193	33841.36273	59628.94409	0.9812705408
718.4103141	49235.57971	120.4327174	121.6952615	0.1844306633	-645.8686365	-3	0.4401555799	144.8604424	551	29.14745146	33841.18845	59628.35399	0.9812775911
707.6458368	49235.13956	120.4327174	121.6762026	0.1843949218	-645.7674858	-3	0.4401462613	145.3005886	552	29.1812557	33841.01408	59627.76393	0.9812846371
696.8830454	49234.69941	120.4327174	121.657151	0.1843591953	-645.6663738	-3	0.4401369442	145.7407256	553	29.21505465	33840.83962	59627.17389	0.981291679
686.1219392	49234.25927	120.4327174	121.6381066	0.1843234839	-645.5653007	-3	0.4401276288	146.1808532	554	29.2488483	33840.66507	59626.58389	0.9812987167
675.3625175	49233.81915	120.4327174	121.6190696	0.1842877876	-645.4642662	-3	0.440118315	146.6209715	555	29.28263666	33840.49043	59625.99392	0.9813057503
664.6047797	49233.37903	120.4327174	121.6000399	0.1842521063	-645.3632705	-3	0.4401090028	147.0610805	556	29.31641974	33840.3157	59625.40397	0.9813127797
653.8487252	49232.93892	120.4327174	121.5810175	0.18421644	-645.2623135	-3	0.4400996923	147.5011802	557	29.35019753	33840.14088	59624.81406	0.9813198049
643.0943533	49232.49882	120.4327174	121.5620023	0.1841807887	-645.1613952	-3	0.4400903833	147.9412706	558	29.38397003	33839.96597	59624.22419	0.9813268259
632.3416634	49232.05873	120.4327174	121.5429945	0.1841451524	-645.0605155	-3	0.4400810759	148.3813517	559	29.41773726	33839.79098	59623.63434	0.9813338428
621.5906548	49231.61865	120.4327174	121.5239939	0.1841095311	-644.9596744	-3	0.4400717702	148.8214235	560	29.4514992	33839.61589	59623.04452	0.9813408556
610.8413269	49231.17858	120.4327174	121.5050006	0.1840739248	-644.8588719	-3	0.440062466	149.2614859	561	29.48525586	33839.44072	59622.45474	0.9813478642
600.093679	49230.73851	120.4327174	121.4860146	0.1840383335	-644.7581081	-3	0.4400531635	149.7015391	562	29.51900725	33839.26545	59621.86498	0.9813548686
589.3477106	49230.29846	120.4327174	121.4670358	0.1840027571	-644.6573827	-3	0.4400438626	150.1415829	563	29.55275337	33839.0901	59621.27526	0.9813618689
578.6034209	49229.85842	120.4327174	121.4480643	0.1839671957	-644.5566959	-3	0.4400345633	150.5816175	564	29.58649421	33838.91466	59620.68557	0.9813688651
567.8608093	49229.41838	120.4327174	121.4291	0.1839316493	-644.4560477	-3	0.4400252656	151.0216428	565	29.62022978	33838.73913	59620.0959	0.9813758571
557.1198751	49228.97836	120.4327174	121.410143	0.1838961178	-644.3554379	-3	0.4400159695	151.4616587	566	29.65396009	33838.56352	59619.50627	0.981382845
546.3806178	49228.53834	120.4327174	121.3911932	0.1838606012	-644.2548665	-3	0.440006675	151.9016654	567	29.68768513	33838.38781	59618.91667	0.9813898288
535.6430367	49228.09833	120.4327174	121.3722507	0.1838250995	-644.1543336	-3	0.4399973821	152.3416628	568	29.72140491	33838.21202	59618.3271	0.9813968084
524.9071312	49227.65834	120.4327174	121.3533155	0.1837896127	-644.0538392	-3	0.4399880908	152.7816509	569	29.75511942	33838.03614	59617.73757	0.981403784
514.1729005	49227.21835	120.4327174	121.3343874	0.1837541409	-643.9533831	-3	0.4399788011	153.2216297	570	29.78882867	33837.86017	59617.14806	0.9814107554
503.4403441	49226.77837	120.4327174	121.3154666	0.1837186839	-643.8529654	-3	0.439969513	153.6615992	571	29.82253267	33837.68411	59616.55858	0.9814177226
492.7094614	49226.3384	120.4327174	121.296553	0.1836832418	-643.752586	-3	0.4399602265	154.1015594	572	29.85623141	33837.50797	59615.96914	0.9814246858
481.9802516	49225.89844	120.4327174	121.2776466	0.1836478146	-643.6522449	-3	0.4399509417	154.5415104	573	29.8899249	33837.33173	59615.37972	0.9814316449
471.2527142	49225.45849	120.4327174	121.2587475	0.1836124022	-643.5519422	-3	0.4399416584	154.981452	574	29.92361313	33837.15541	59614.79034	0.9814385998
460.5268485	49225.01855	120.4327174	121.2398556	0.1835770047	-643.4516777	-3	0.4399323767	155.4213844	575	29.95729612	33836.979	59614.20099	0.9814455507
449.8026539	49224.57862	120.4327174	121.2209708	0.183541622	-643.3514515	-3	0.4399230966	155.8613075	576	29.99097386	33836.80251	59613.61167	0.9814524974
439.0801297	49224.13869	120.4327174	121.2020933	0.1835062542	-643.2512636	-3	0.4399138182	156.3012213	577	30.02464635	33836.62592	59613.02237	0.9814594401
428.3592753	49223.69878	120.4327174	121.183223	0.1834709011	-643.1511138	-3	0.4399045413	156.7411259	578	30.0583136	33836.44925	59612.43311	0.9814663786
417.64009	49223.25887	120.4327174	121.1643598	0.1834355629	-643.0510022	-3	0.439895266	157.1810211	579	30.0919756	33836.27249	59611.84389	0.9814733131
406.9225733	49222.81898	120.4327174	121.1455039	0.1834002395	-642.9509288	-3	0.4398859923	157.6209071	580	30.12563237	33836.09565	59611.25469	0.9814802435
396.2067245	49222.37909	120.4327174	121.1266551	0.1833649309	-642.8508935	-3	0.4398767203	158.0607838	581	30.1592839	33835.91872	59610.66552	0.9814871698
385.492543	49221.93922	120.4327174	121.1078136	0.1833296371	-642.7508963	-3	0.4398674498	158.5006513	582	30.19293019	33835.7417	59610.07638	0.981494092
374.780028	49221.49935	120.4327174	121.0889792	0.183294358	-642.6509372	-3	0.4398581809	158.9405095	583	30.22657125	33835.56459	59609.48727	0.9815010102
364.0691791	49221.05949	120.4327174	121.0701519	0.1832590937	-642.5510162	-3	0.4398489136	159.3803584	584	30.26020708	33835.38739	59608.8982	0.9815079242
353.3599955	49220.61964	120.4327174	121.0513319	0.1832238442	-642.4511333	-3	0.4398396479	159.820198	585	30.29383768	33835.21011	59608.30915	0.9815148342
342.6524766	49220.1798	120.4327174	121.032519	0.1831886094	-642.3512883	-3	0.4398303838	160.2600284	586	30.32746305	33835.03275	59607.72014	0.9815217402
331.9466218	49219.73997	120.4327174	121.0137133	0.1831533894	-642.2514814	-3	0.4398211213	160.6998495	587	30.36108319	33834.85529	59607.13115	0.981528642
321.2424304	49219.30015	120.4327174	120.9949147	0.183118184	-642.1517124	-3	0.4398118604	161.1396614	588	30.39469811	33834.67775	59606.5422	0.9815355398
310.5399019	49218.86034	120.4327174	120.9761233	0.1830829934	-642.0519814	-3	0.4398026011	161.579464	589	30.42830781	33834.50012	59605.95328	0.9815424336
299.8390355	49218.42054	120.4327174	120.957339	0.1830478175	-641.9522884	-3	0.4397933433	162.0192573	590	30.46191229	33834.32241	59605.36439	0.9815493233
289.1398307	49217.98074	120.4327174	120.9385619	0.1830126563	-641.8526332	-3	0.4397840872	162.4590414	591	30.49551155	33834.14461	59604.77552	0.9815562089
278.4422868	49217.54096	120.4327174	120.9197919	0.1829775098	-641.7530159	-3	0.4397748326	162.8988163	592	30.52910559	33833.96672	59604.18669	0.9815630905
267.7464032	49217.10118	120.4327174	120.901029	0.182942378	-641.6534365	-3	0.4397655797	163.3385818	593	30.56269443	33833.78875	59603.59789	0.9815699681
257.0521793	49216.66142	120.4327174	120.8822733	0.1829072608	-641.553895	-3	0.4397563283	163.7783382	594	30.59627804	33833.61069	59603.00912	0.9815768416
246.3596144	49216.22166	120.4327174	120.8635247	0.1828721583	-641.4543912	-3	0.4397470785	164.2180853	595	30.62985645	33833.43254	59602.42038	0.981583711
235.6687079	49215.78191	120.4327174	120.8447832	0.1828370705	-641.3549253	-3	0.4397378304	164.6578231	596	30.66342965	33833.25431	59601.83167	0.9815905765
224.9794591	49215.34218	120.4327174	120.8260488	0.1828019973	-641.2554971	-3	0.4397285838	165.0975517	597	30.69699765	33833.076	59601.243	0.9815974379
214.2918675	49214.90245	120.4327174	120.8073216	0.1827669387	-641.1561066	-3	0.4397193388	165.537271	598	30.73056044	33832.89759	59600.65435	0.9816042952
203.6059324	49214.46273	120.4327174	120.7886014	0.1827318948	-641.0567539	-3	0.4397100953	165.9769811	599	30.76411803	33832.7191	59600.06573	0.9816111486
192.9216531	49214.02302	120.4327174	120.7698884	0.1826968654	-640.957439	-3	0.4397008535	166.416682	600	30.79767042	33832.54053	59599.47714	0.9816179979
182.2390292	49213.58332	120.4327174	120.7511825	0.1826618507	-640.8581616	-3	0.4396916132	166.8563736	601	30.83121761	33832.36187	59598.88859	0.9816248432
171.5580598	49213.14363	120.4327174	120.7324836	0.1826268506	-640.758922	-3	0.4396823746	167.2960559	602	30.86475961	33832.18312	59598.30006	0.9816316845
160.8787444	49212.70394	120.4327174	120.7137919	0.182591865	-640.65972	-3	0.4396731375	167.7357291	603	30.89829641	33832.00429	59597.71157	0.9816385218
150.2010824	49212.26427	120.4327174	120.6951072	0.182556894	-640.5605556	-3	0.439663902	168.175393	604	30.93182802	33831.82538	59597.1231	0.9816453551
139.5250732	49211.82461	120.4327174	120.6764296	0.1825219376	-640.4614287	-3	0.4396546681	168.6150476	605	30.96535444	33831.64637	59596.53467	0.9816521843
128.850716	49211.38495	120.4327174	120.6577591	0.1824869958	-640.3623395	-3	0.4396454358	169.0546931	606	30.99887567	33831.46729	59595.94626	0.9816590096
118.1780104	49210.94531	120.4327174	120.6390957	0.1824520685	-640.2632878	-3	0.439636205	169.4943293	607	31.03239171	33831.28812	59595.35789	0.9816658309
107.5069556	49210.50567	120.4327174	120.6204393	0.1824171557	-640.1642736	-3	0.4396269759	169.9339563	608	31.06590257	33831.10886	59594.76954	0.9816726481
96.83755102	49210.06604	120.4327174	120.6017901	0.1823822575	-640.065297	-3	0.4396177483	170.373574	609	31.09940825	33830.92952	59594.18123	0.9816794614
86.16979607	49209.62643	120.4327174	120.5831478	0.1823473738	-639.9663578	-3	0.4396085223	170.8131825	610	31.13290874	33830.75009	59593.59295	0.9816862707
75.5036901	49209.18682	120.4327174	120.5645127	0.1823125046	-639.867456	-3	0.4395992979	171.2527818	611	31.16640406	33830.57058	59593.00469	0.981693076
64.8392325	49208.74722	120.4327174	120.5458845	0.1822776499	-639.7685917	-3	0.4395900751	171.6923719	612	31.19989421	33830.39098	59592.41647	0.9816998773
54.17642264	49208.30763	120.4327174	120.5272635	0.1822428097	-639.6697649	-3	0.4395808538	172.1319528	613	31.23337917	33830.2113	59591.82828	0.9817066746
43.51525989	49207.86805	120.4327174	120.5086494	0.182207984	-639.5709754	-3	0.4395716341	172.5715244	614	31.26685897	33830.03153	59591.24012	0.981713468
32.85574364	49207.42848	120.4327174	120.4900425	0.1821731728	-639.4722232	-3	0.439562416	173.0110868	615	31.30033359	33829.85168	59590.65198	0.9817202573
22.19787325	49206.98891	120.4327174	120.4714425	0.182138376	-639.3735084	-3	0.4395531995	173.45064	616	31.33380305	33829.67175	59590.06388	0.9817270428
11.54164811	49206.54936	120.4327174	120.4528496	0.1821035937	-639.274831	-3	0.4395439846	173.890184	617	31.36726734	33829.49173	59589.47581	0.9817338242
0.887067592	49206.10982	120.4327174	120.4342637	0.1820688258	-639.1761908	-3	0.4395347712	174.3297188	618	31.40072646	33829.31162	59588.88777	0.9817406017
