Hp[ft]	ACMass[kg]	CAS[kt]	TAS[kt]	M[-]	ROCD[ft/min]	Grad[deg]	FuelFlow[kg/s]	Fuel[kg]	Time[s]	Distance[NM]	Thr[N]	D[N]	fM[-]
10000	65300	250	288.7023134	0.452275114	-1532.218816	-3	1.196718817	1.196718817	0	0	80683.95419	43463.68775	0.9016752257
9974.46302	65298.80328	250	288.5934003	0.4520618779	-1531.640786	-3	1.196572139	2.393290956	1	0.08019508706	80680.54136	43464.20175	0.9017538386
9948.935673	65297.60671	250	288.4845838	0.4518488534	-1531.063268	-3	1.196425604	3.58971656	2	0.1603599205	80677.13193	43464.71458	0.901832359
9923.417952	65296.41028	250	288.3758637	0.45163604	-1530.486262	-3	1.196279213	4.785995773	3	0.2404945271	80673.72591	43465.22623	0.901910787
9897.909848	65295.214	250	288.2672399	0.4514234375	-1529.909767	-3	1.196132965	5.982128738	4	0.3205989337	80670.32328	43465.73671	0.9019891229
9872.411352	65294.01787	250	288.1587122	0.4512110455	-1529.333782	-3	1.195986861	7.178115599	5	0.400673167	80666.92405	43466.24603	0.9020673666
9846.922455	65292.82188	250	288.0502806	0.4509988639	-1528.758307	-3	1.195840899	8.373956498	6	0.4807172537	80663.5282	43466.75418	0.9021455184
9821.44315	65291.62604	250	287.9419448	0.4507868921	-1528.183341	-3	1.19569508	9.569651578	7	0.5607312205	80660.13574	43467.26116	0.9022235784
9795.973428	65290.43035	250	287.8337049	0.45057513	-1527.608883	-3	1.195549404	10.76520098	8	0.6407150941	80656.74665	43467.76698	0.9023015467
9770.51328	65289.2348	250	287.7255606	0.4503635773	-1527.034933	-3	1.195403869	11.96060485	9	0.720668901	80653.36092	43468.27164	0.9023794234
9745.062698	65288.0394	250	287.6175118	0.4501522336	-1526.46149	-3	1.195258477	13.15586333	10	0.8005926678	80649.97856	43468.77515	0.9024572088
9719.621673	65286.84414	250	287.5095584	0.4499410985	-1525.888553	-3	1.195113227	14.35097656	11	0.8804864211	80646.59956	43469.2775	0.9025349028
9694.190197	65285.64902	250	287.4017003	0.4497301719	-1525.316121	-3	1.194968118	15.54594467	12	0.9603501873	80643.2239	43469.77869	0.9026125058
9668.768262	65284.45406	250	287.2939373	0.4495194534	-1524.744195	-3	1.194823151	16.74076782	13	1.040183993	80639.85159	43470.27873	0.9026900177
9643.355858	65283.25923	250	287.1862693	0.4493089427	-1524.172773	-3	1.194678325	17.93544615	14	1.119987864	80636.48263	43470.77762	0.9027674387
9617.952979	65282.06455	250	287.0786962	0.4490986394	-1523.601854	-3	1.19453364	19.12997979	15	1.199761828	80633.11699	43471.27537	0.902844769
9592.559615	65280.87002	250	286.9712178	0.4488885434	-1523.031438	-3	1.194389095	20.32436888	16	1.27950591	80629.75468	43471.77197	0.9029220087
9567.175757	65279.67563	250	286.863834	0.4486786542	-1522.461524	-3	1.194244691	21.51861358	17	1.359220138	80626.39569	43472.26742	0.9029991579
9541.801398	65278.48139	250	286.7565448	0.4484689717	-1521.892112	-3	1.194100428	22.712714	18	1.438904536	80623.04002	43472.76174	0.9030762168
9516.43653	65277.28729	250	286.6493499	0.4482594954	-1521.323201	-3	1.193956304	23.90667031	19	1.518559132	80619.68765	43473.25491	0.9031531855
9491.081143	65276.09333	250	286.5422492	0.448050225	-1520.75479	-3	1.19381232	25.10048263	20	1.598183951	80616.3386	43473.74695	0.9032300641
9465.73523	65274.89952	250	286.4352427	0.4478411604	-1520.186878	-3	1.193668476	26.2941511	21	1.67777902	80612.99283	43474.23785	0.9033068527
9440.398782	65273.70585	250	286.3283302	0.4476323011	-1519.619465	-3	1.193524771	27.48767588	22	1.757344365	80609.65037	43474.72762	0.9033835516
9415.071791	65272.51232	250	286.2215115	0.4474236468	-1519.05255	-3	1.193381206	28.68105708	23	1.836880013	80606.31118	43475.21625	0.9034601607
9389.754249	65271.31894	250	286.1147865	0.4472151974	-1518.486133	-3	1.193237779	29.87429486	24	1.916385988	80602.97528	43475.70376	0.9035366804
9364.446146	65270.12571	250	286.0081552	0.4470069524	-1517.920213	-3	1.193094491	31.06738935	25	1.995862318	80599.64266	43476.19014	0.9036131106
9339.147476	65268.93261	250	285.9016174	0.4467989116	-1517.354788	-3	1.192951342	32.26034069	26	2.075309028	80596.3133	43476.67539	0.9036894515
9313.85823	65267.73966	250	285.7951729	0.4465910747	-1516.78986	-3	1.192808331	33.45314902	27	2.154726143	80592.98721	43477.15952	0.9037657032
9288.578399	65266.54685	250	285.6888216	0.4463834413	-1516.225426	-3	1.192665458	34.64581448	28	2.234113691	80589.66437	43477.64253	0.903841866
9263.307975	65265.35419	250	285.5825635	0.4461760112	-1515.661486	-3	1.192522723	35.8383372	29	2.313471697	80586.34479	43478.12442	0.9039179398
9238.04695	65264.16166	250	285.4763984	0.4459687841	-1515.09804	-3	1.192380125	37.03071733	30	2.392800187	80583.02845	43478.60519	0.9039939249
9212.795316	65262.96928	250	285.3703261	0.4457617597	-1514.535086	-3	1.192237665	38.222955	31	2.472099187	80579.71535	43479.08484	0.9040698213
9187.553065	65261.77705	250	285.2643465	0.4455549377	-1513.972625	-3	1.192095343	39.41505034	32	2.551368722	80576.40549	43479.56338	0.9041456292
9162.320188	65260.58495	250	285.1584596	0.4453483178	-1513.410656	-3	1.191953157	40.60700349	33	2.630608818	80573.09886	43480.04081	0.9042213488
9137.096677	65259.393	250	285.0526652	0.4451418997	-1512.849177	-3	1.191811108	41.7988146	34	2.709819501	80569.79546	43480.51713	0.9042969801
9111.882524	65258.20119	250	284.9469631	0.4449356831	-1512.288188	-3	1.191669196	42.9904838	35	2.789000797	80566.49527	43480.99234	0.9043725233
9086.677721	65257.00952	250	284.8413533	0.4447296677	-1511.727689	-3	1.19152742	44.18201122	36	2.868152731	80563.19829	43481.46645	0.9044479785
9061.482259	65255.81799	250	284.7358356	0.4445238532	-1511.167679	-3	1.19138578	45.373397	37	2.94727533	80559.90452	43481.93945	0.9045233459
9036.296131	65254.6266	250	284.63041	0.4443182393	-1510.608158	-3	1.191244276	46.56464127	38	3.026368617	80556.61396	43482.41135	0.9045986255
9011.119328	65253.43536	250	284.5250761	0.4441128258	-1510.049123	-3	1.191102908	47.75574418	39	3.10543262	80553.32659	43482.88215	0.9046738175
8985.951843	65252.24426	250	284.4198341	0.4439076124	-1509.490576	-3	1.190961676	48.94670586	40	3.184467363	80550.04241	43483.35185	0.9047489221
8960.793667	65251.05329	250	284.3146837	0.4437025987	-1508.932516	-3	1.190820579	50.13752644	41	3.263472873	80546.76141	43483.82045	0.9048239393
8935.644792	65249.86247	250	284.2096248	0.4434977845	-1508.37494	-3	1.190679616	51.32820605	42	3.342449174	80543.4836	43484.28796	0.9048988693
8910.505209	65248.67179	250	284.1046573	0.4432931694	-1507.81785	-3	1.190538789	52.51874484	43	3.421396292	80540.20895	43484.75438	0.9049737122
8885.374912	65247.48126	250	283.999781	0.4430887533	-1507.261245	-3	1.190398097	53.70914294	44	3.500314252	80536.93748	43485.21971	0.9050484681
8860.253891	65246.29086	250	283.894996	0.4428845357	-1506.705123	-3	1.190257539	54.89940048	45	3.57920308	80533.66917	43485.68395	0.9051231372
8835.142139	65245.1006	250	283.7903019	0.4426805165	-1506.149484	-3	1.190117115	56.08951759	46	3.658062801	80530.40402	43486.1471	0.9051977196
8810.039648	65243.91048	250	283.6856987	0.4424766953	-1505.594328	-3	1.189976826	57.27949442	47	3.736893441	80527.14201	43486.60917	0.9052722154
8784.946409	65242.72051	250	283.5811864	0.4422730718	-1505.039653	-3	1.18983667	58.46933109	48	3.815695024	80523.88316	43487.07015	0.9053466248
8759.862415	65241.53067	250	283.4767647	0.4420696458	-1504.48546	-3	1.189696648	59.65902774	49	3.894467576	80520.62745	43487.53006	0.9054209478
8734.787657	65240.34097	250	283.3724335	0.4418664169	-1503.931747	-3	1.189556759	60.8485845	50	3.973211121	80517.37487	43487.98888	0.9054951846
8709.722128	65239.15142	250	283.2681928	0.441663385	-1503.378514	-3	1.189417004	62.0380015	51	4.051925686	80514.12542	43488.44663	0.9055693353
8684.665819	65237.962	250	283.1640424	0.4414605496	-1502.825761	-3	1.189277382	63.22727888	52	4.130611295	80510.8791	43488.9033	0.9056434001
8659.618723	65236.77272	250	283.0599822	0.4412579105	-1502.273486	-3	1.189137892	64.41641677	53	4.209267974	80507.63589	43489.3589	0.9057173791
8634.580832	65235.58358	250	282.956012	0.4410554675	-1501.721689	-3	1.188998536	65.60541531	54	4.287895747	80504.3958	43489.81343	0.9057912723
8609.552137	65234.39458	250	282.8521318	0.4408532203	-1501.17037	-3	1.188859311	66.79427462	55	4.366494639	80501.15882	43490.26689	0.90586508
8584.532631	65233.20573	250	282.7483414	0.4406511685	-1500.619527	-3	1.188720219	67.98299484	56	4.445064675	80497.92494	43490.71928	0.9059388022
8559.522305	65232.01701	250	282.6446408	0.4404493119	-1500.06916	-3	1.188581259	69.1715761	57	4.523605881	80494.69416	43491.1706	0.9060124391
8534.521153	65230.82842	250	282.5410297	0.4402476502	-1499.519269	-3	1.188442431	70.36001853	58	4.602118282	80491.46647	43491.62086	0.9060859908
8509.529165	65229.63998	250	282.4375081	0.4400461831	-1498.969853	-3	1.188303734	71.54832226	59	4.680601901	80488.24187	43492.07006	0.9061594574
8484.546334	65228.45168	250	282.3340758	0.4398449104	-1498.420911	-3	1.188165169	72.73648743	60	4.759056764	80485.02035	43492.51819	0.9062328391
8459.572652	65227.26351	250	282.2307329	0.4396438317	-1497.872443	-3	1.188026734	73.92451417	61	4.837482896	80481.80191	43492.96527	0.9063061359
8434.608111	65226.07549	250	282.127479	0.4394429468	-1497.324447	-3	1.187888431	75.1124026	62	4.915880322	80478.58654	43493.41129	0.906379348
8409.652704	65224.8876	250	282.0243141	0.4392422555	-1496.776924	-3	1.187750259	76.30015286	63	4.994249066	80475.37423	43493.85626	0.9064524756
8384.706422	65223.69985	250	281.9212381	0.4390417573	-1496.229873	-3	1.187612218	77.48776507	64	5.072589154	80472.16499	43494.30017	0.9065255186
8359.769257	65222.51223	250	281.8182509	0.4388414521	-1495.683293	-3	1.187474306	78.67523938	65	5.150900609	80468.9588	43494.74304	0.9065984774
8334.841202	65221.32476	250	281.7153524	0.4386413396	-1495.137183	-3	1.187336525	79.86257591	66	5.229183456	80465.75566	43495.18485	0.9066713519
8309.922249	65220.13742	250	281.6125423	0.4384414195	-1494.591543	-3	1.187198874	81.04977478	67	5.307437721	80462.55557	43495.62562	0.9067441423
8285.01239	65218.95023	250	281.5098207	0.4382416915	-1494.046373	-3	1.187061353	82.23683613	68	5.385663427	80459.35851	43496.06534	0.9068168488
8260.111617	65217.76316	250	281.4071875	0.4380421554	-1493.501671	-3	1.186923962	83.4237601	69	5.463860599	80456.16449	43496.50401	0.9068894714
8235.219923	65216.57624	250	281.3046423	0.4378428108	-1492.957438	-3	1.186786699	84.61054679	70	5.542029263	80452.9735	43496.94165	0.9069620102
8210.337299	65215.38945	250	281.2021853	0.4376436575	-1492.413671	-3	1.186649566	85.79719636	71	5.620169441	80449.78553	43497.37824	0.9070344655
8185.463738	65214.2028	250	281.0998162	0.4374446953	-1491.870372	-3	1.186512562	86.98370892	72	5.698281159	80446.60058	43497.8138	0.9071068373
8160.599232	65213.01629	250	280.997535	0.4372459238	-1491.327539	-3	1.186375687	88.17008461	73	5.776364441	80443.41865	43498.24832	0.9071791257
8135.743773	65211.82992	250	280.8953415	0.4370473427	-1490.785171	-3	1.186238941	89.35632355	74	5.854419312	80440.23972	43498.6818	0.9072513309
8110.897353	65210.64368	250	280.7932356	0.4368489519	-1490.243268	-3	1.186102323	90.54242587	75	5.932445796	80437.0638	43499.11425	0.9073234529
8086.059965	65209.45757	250	280.6912172	0.436650751	-1489.70183	-3	1.185965833	91.72839171	76	6.010443917	80433.89088	43499.54567	0.907395492
8061.231601	65208.27161	250	280.5892862	0.4364527398	-1489.160855	-3	1.185829471	92.91422118	77	6.0884137	80430.72095	43499.97606	0.9074674482
8036.412254	65207.08578	250	280.4874425	0.436254918	-1488.620344	-3	1.185693237	94.09991442	78	6.166355168	80427.554	43500.40543	0.9075393216
8011.601915	65205.90009	250	280.3856859	0.4360572853	-1488.080295	-3	1.185557131	95.28547155	79	6.244268346	80424.39004	43500.83376	0.9076111123
7986.800577	65204.71453	250	280.2840164	0.4358598414	-1487.540708	-3	1.185421152	96.4708927	80	6.322153259	80421.22906	43501.26108	0.9076828206
7962.008231	65203.52911	250	280.1824337	0.4356625862	-1487.001582	-3	1.1852853	97.656178	81	6.40000993	80418.07105	43501.68737	0.9077544465
7937.224872	65202.34382	250	280.0809379	0.4354655192	-1486.462918	-3	1.185149576	98.84132757	82	6.477838384	80414.91601	43502.11264	0.90782599
7912.45049	65201.15867	250	279.9795288	0.4352686403	-1485.924713	-3	1.185013978	100.0263416	83	6.555638645	80411.76393	43502.53689	0.9078974515
7887.685078	65199.97366	250	279.8782063	0.4350719492	-1485.386968	-3	1.184878507	101.2112201	84	6.633410736	80408.6148	43502.96013	0.9079688308
7862.928628	65198.78878	250	279.7769703	0.4348754456	-1484.849682	-3	1.184743163	102.3959632	85	6.711154682	80405.46863	43503.38235	0.9080401283
7838.181134	65197.60404	250	279.6758206	0.4346791292	-1484.312854	-3	1.184607944	103.5805712	86	6.788870507	80402.32541	43503.80355	0.9081113439
7813.442586	65196.41943	250	279.5747571	0.4344829998	-1483.776484	-3	1.184472852	104.765044	87	6.866558235	80399.18513	43504.22375	0.9081824779
7788.712978	65195.23496	250	279.4737798	0.4342870571	-1483.240571	-3	1.184337886	105.9493819	88	6.94421789	80396.04779	43504.64293	0.9082535303
7763.992302	65194.05062	250	279.3728886	0.4340913009	-1482.705114	-3	1.184203046	107.133585	89	7.021849496	80392.91338	43505.06111	0.9083245012
7739.28055	65192.86642	250	279.2720832	0.4338957308	-1482.170114	-3	1.184068331	108.3176533	90	7.099453076	80389.78189	43505.47828	0.9083953908
7714.577715	65191.68235	250	279.1713636	0.4337003467	-1481.635568	-3	1.183933741	109.501587	91	7.177028654	80386.65333	43505.89444	0.9084661992
7689.883789	65190.49841	250	279.0707297	0.4335051482	-1481.101478	-3	1.183799277	110.6853863	92	7.254576255	80383.52769	43506.3096	0.9085369265
7665.198764	65189.31461	250	278.9701814	0.4333101351	-1480.567842	-3	1.183664937	111.8690512	93	7.332095903	80380.40495	43506.72376	0.9086075728
7640.522633	65188.13095	250	278.8697186	0.4331153071	-1480.034659	-3	1.183530723	113.052582	94	7.40958762	80377.28513	43507.13692	0.9086781383
7615.855389	65186.94742	250	278.7693411	0.432920664	-1479.50193	-3	1.183396632	114.2359786	95	7.48705143	80374.16821	43507.54909	0.908748623
7591.197023	65185.76402	250	278.6690489	0.4327262055	-1478.969653	-3	1.183262667	115.4192413	96	7.564487358	80371.05418	43507.96025	0.9088190271
7566.547529	65184.58076	250	278.5688418	0.4325319313	-1478.437827	-3	1.183128825	116.6023701	97	7.641895428	80367.94305	43508.37043	0.9088893507
7541.906899	65183.39763	250	278.4687197	0.4323378413	-1477.906453	-3	1.182995108	117.7853652	98	7.719275661	80364.83481	43508.77961	0.9089595938
7517.275125	65182.21463	250	278.3686825	0.432143935	-1477.37553	-3	1.182861514	118.9682267	99	7.796628084	80361.72945	43509.1878	0.9090297567
7492.652199	65181.03177	250	278.2687302	0.4319502123	-1476.845056	-3	1.182728044	120.1509547	100	7.873952718	80358.62696	43509.595	0.9090998395
7468.038115	65179.84905	250	278.1688625	0.4317566729	-1476.315032	-3	1.182594697	121.3335494	101	7.951249587	80355.52735	43510.00121	0.9091698421
7443.432864	65178.66645	250	278.0690794	0.4315633166	-1475.785457	-3	1.182461474	122.5160109	102	8.028518716	80352.43061	43510.40644	0.9092397649
7418.83644	65177.48399	250	277.9693808	0.431370143	-1475.25633	-3	1.182328374	123.6983393	103	8.105760126	80349.33673	43510.81068	0.9093096078
7394.248835	65176.30166	250	277.8697665	0.431177152	-1474.727651	-3	1.182195396	124.8805347	104	8.182973843	80346.24571	43511.21394	0.9093793711
7369.67004	65175.11947	250	277.7702365	0.4309843432	-1474.19942	-3	1.182062542	126.0625972	105	8.26015989	80343.15755	43511.61622	0.9094490547
7345.10005	65173.9374	250	277.6707906	0.4307917164	-1473.671634	-3	1.18192981	127.244527	106	8.337318289	80340.07223	43512.01752	0.9095186589
7320.538856	65172.75547	250	277.5714288	0.4305992714	-1473.144295	-3	1.1817972	128.4263242	107	8.414449064	80336.98976	43512.41784	0.9095881837
7295.986451	65171.57368	250	277.4721509	0.4304070079	-1472.617401	-3	1.181664712	129.607989	108	8.491552238	80333.91012	43512.81719	0.9096576293
7271.442828	65170.39201	250	277.3729568	0.4302149257	-1472.090952	-3	1.181532347	130.7895213	109	8.568627836	80330.83332	43513.21556	0.9097269958
7246.907979	65169.21048	250	277.2738464	0.4300230244	-1471.564948	-3	1.181400103	131.9709214	110	8.645675879	80327.75935	43513.61296	0.9097962832
7222.381896	65168.02908	250	277.1748197	0.4298313038	-1471.039387	-3	1.181267981	133.1521894	111	8.722696392	80324.68821	43514.00939	0.9098654917
7197.864573	65166.84781	250	277.0758764	0.4296397638	-1470.514269	-3	1.18113598	134.3333254	112	8.799689398	80321.61988	43514.40485	0.9099346215
7173.356002	65165.66667	250	276.9770165	0.4294484039	-1469.989593	-3	1.1810041	135.5143295	113	8.876654919	80318.55437	43514.79935	0.9100036726
7148.856175	65164.48567	250	276.8782399	0.4292572241	-1469.46536	-3	1.180872342	136.6952018	114	8.953592979	80315.49167	43515.19288	0.9100726451
7124.365086	65163.3048	250	276.7795465	0.4290662239	-1468.941568	-3	1.180740704	137.8759425	115	9.030503601	80312.43178	43515.58544	0.9101415392
7099.882727	65162.12406	250	276.6809361	0.4288754032	-1468.418217	-3	1.180609188	139.0565517	116	9.107386809	80309.37468	43515.97704	0.9102103549
7075.40909	65160.94345	250	276.5824087	0.4286847618	-1467.895306	-3	1.180477791	140.2370295	117	9.184242624	80306.32039	43516.36768	0.9102790924
7050.944168	65159.76297	250	276.4839641	0.4284942993	-1467.372835	-3	1.180346515	141.417376	118	9.261071071	80303.26888	43516.75737	0.9103477519
7026.487954	65158.58262	250	276.3856023	0.4283040155	-1466.850803	-3	1.180215359	142.5975914	119	9.337872172	80300.22016	43517.14609	0.9104163333
7002.040441	65157.40241	250	276.2873231	0.4281139102	-1466.32921	-3	1.180084324	143.7776757	120	9.414645951	80297.17423	43517.53386	0.9104848368
6977.60162	65156.22232	250	276.1891265	0.4279239831	-1465.808055	-3	1.179953408	144.9576291	121	9.491392429	80294.13107	43517.92067	0.9105532626
6953.171486	65155.04237	250	276.0910122	0.4277342339	-1465.287337	-3	1.179822611	146.1374517	122	9.568111631	80291.09068	43518.30654	0.9106216107
6928.75003	65153.86255	250	275.9929803	0.4275446625	-1464.767056	-3	1.179691934	147.3171436	123	9.644803579	80288.05307	43518.69145	0.9106898812
6904.337246	65152.68286	250	275.8950306	0.4273552685	-1464.247211	-3	1.179561377	148.496705	124	9.721468296	80285.01821	43519.07541	0.9107580744
6879.933126	65151.50329	250	275.7971631	0.4271660517	-1463.727802	-3	1.179430938	149.676136	125	9.798105804	80281.98612	43519.45842	0.9108261901
6855.537663	65150.32386	250	275.6993775	0.426977012	-1463.208828	-3	1.179300618	150.8554366	126	9.874716127	80278.95678	43519.84049	0.9108942287
6831.150849	65149.14456	250	275.6016738	0.4267881489	-1462.690289	-3	1.179170417	152.034607	127	9.951299288	80275.93019	43520.22162	0.9109621902
6806.772677	65147.96539	250	275.5040519	0.4265994623	-1462.172184	-3	1.179040335	153.2136473	128	10.02785531	80272.90634	43520.6018	0.9110300747
6782.403141	65146.78635	250	275.4065117	0.4264109519	-1461.654513	-3	1.178910371	154.3925577	129	10.10438421	80269.88524	43520.98104	0.9110978823
6758.042232	65145.60744	250	275.3090531	0.4262226176	-1461.137275	-3	1.178780525	155.5713382	130	10.18088602	80266.86687	43521.35934	0.9111656131
6733.689945	65144.42866	250	275.211676	0.4260344589	-1460.620469	-3	1.178650797	156.749989	131	10.25736076	80263.85123	43521.7367	0.9112332673
6709.34627	65143.25001	250	275.1143802	0.4258464758	-1460.104095	-3	1.178521187	157.9285102	132	10.33380845	80260.83832	43522.11313	0.9113008449
6685.011202	65142.07149	250	275.0171657	0.4256586679	-1459.588152	-3	1.178391695	159.1069019	133	10.41022911	80257.82813	43522.48862	0.9113683461
6660.684733	65140.8931	250	274.9200324	0.425471035	-1459.07264	-3	1.178262321	160.2851642	134	10.48662276	80254.82066	43522.86318	0.911435771
6636.366855	65139.71484	250	274.8229801	0.4252835769	-1458.557558	-3	1.178133063	161.4632973	135	10.56298944	80251.8159	43523.23681	0.9115031196
6612.057563	65138.5367	250	274.7260088	0.4250962932	-1458.042906	-3	1.178003923	162.6413012	136	10.63932916	80248.81385	43523.6095	0.9115703921
6587.756848	65137.3587	250	274.6291184	0.4249091839	-1457.528683	-3	1.1778749	163.8191761	137	10.71564194	80245.81451	43523.98127	0.9116375886
6563.464703	65136.18082	250	274.5323087	0.4247222486	-1457.014888	-3	1.177745993	164.9969221	138	10.7919278	80242.81786	43524.35211	0.9117047092
6539.181121	65135.00308	250	274.4355796	0.424535487	-1456.501522	-3	1.177617203	166.1745393	139	10.86818678	80239.82391	43524.72203	0.9117717541
6514.906096	65133.82546	250	274.3389311	0.4243488991	-1455.988583	-3	1.17748853	167.3520278	140	10.94441888	80236.83265	43525.09102	0.9118387232
6490.63962	65132.64797	250	274.2423631	0.4241624844	-1455.476071	-3	1.177359973	168.5293878	141	11.02062414	80233.84407	43525.45909	0.9119056168
6466.381685	65131.47061	250	274.1458754	0.4239762428	-1454.963986	-3	1.177231532	169.7066193	142	11.09680258	80230.85818	43525.82625	0.9119724349
6442.132285	65130.29338	250	274.0494679	0.423790174	-1454.452326	-3	1.177103207	170.8837225	143	11.17295421	80227.87496	43526.19248	0.9120391777
6417.891413	65129.11628	250	273.9531405	0.4236042778	-1453.941091	-3	1.176974998	172.0606975	144	11.24907906	80224.89442	43526.55779	0.9121058452
6393.659062	65127.9393	250	273.8568932	0.423418554	-1453.430282	-3	1.176846904	173.2375445	145	11.32517715	80221.91655	43526.92219	0.9121724376
6369.435224	65126.76246	250	273.7607259	0.4232330022	-1452.919896	-3	1.176718926	174.4142634	146	11.40124851	80218.94133	43527.28567	0.912238955
6345.219892	65125.58574	250	273.6646383	0.4230476224	-1452.409935	-3	1.176591063	175.5908544	147	11.47729316	80215.96878	43527.64824	0.9123053974
6321.01306	65124.40915	250	273.5686305	0.4228624141	-1451.900396	-3	1.176463315	176.7673178	148	11.55331111	80212.99888	43528.0099	0.912371765
6296.81472	65123.23268	250	273.4727023	0.4226773773	-1451.39128	-3	1.176335683	177.9436534	149	11.6293024	80210.03164	43528.37066	0.9124380579
6272.624865	65122.05635	250	273.3768537	0.4224925116	-1450.882586	-3	1.176208164	179.1198616	150	11.70526704	80207.06703	43528.7305	0.9125042762
6248.443489	65120.88014	250	273.2810844	0.4223078168	-1450.374314	-3	1.176080761	180.2959424	151	11.78120506	80204.10507	43529.08943	0.9125704201
6224.270584	65119.70406	250	273.1853945	0.4221232928	-1449.866462	-3	1.175953472	181.4718958	152	11.85711647	80201.14575	43529.44746	0.9126364895
6200.106143	65118.5281	250	273.0897839	0.4219389391	-1449.359031	-3	1.175826297	182.6477221	153	11.9330013	80198.18906	43529.80459	0.9127024846
6175.950159	65117.35228	250	272.9942523	0.4217547557	-1448.85202	-3	1.175699236	183.8234214	154	12.00885957	80195.235	43530.16082	0.9127684056
6151.802625	65116.17658	250	272.8987998	0.4215707423	-1448.345429	-3	1.175572289	184.9989937	155	12.08469131	80192.28356	43530.51614	0.9128342525
6127.663535	65115.00101	250	272.8034261	0.4213868986	-1447.839256	-3	1.175445456	186.1744391	156	12.16049653	80189.33475	43530.87057	0.9129000254
6103.53288	65113.82556	250	272.7081314	0.4212032244	-1447.333502	-3	1.175318737	187.3497578	157	12.23627526	80186.38854	43531.2241	0.9129657245
6079.410655	65112.65024	250	272.6129153	0.4210197195	-1446.828165	-3	1.17519213	188.52495	158	12.31202752	80183.44495	43531.57673	0.9130313498
6055.296852	65111.47505	250	272.5177779	0.4208363836	-1446.323246	-3	1.175065637	189.7000156	159	12.38775333	80180.50397	43531.92847	0.9130969015
6031.191465	65110.29998	250	272.4227189	0.4206532166	-1445.818743	-3	1.174939258	190.8749549	160	12.46345271	80177.56559	43532.27932	0.9131623797
6007.094486	65109.12505	250	272.3277384	0.4204702181	-1445.314657	-3	1.174812991	192.0497679	161	12.53912569	80174.6298	43532.62927	0.9132277844
5983.005908	65107.95023	250	272.2328363	0.4202873879	-1444.810986	-3	1.174686837	193.2244547	162	12.61477228	80171.69661	43532.97834	0.9132931157
5958.925725	65106.77555	250	272.1380123	0.4201047259	-1444.307731	-3	1.174560795	194.3990155	163	12.69039252	80168.76601	43533.32651	0.9133583738
5934.85393	65105.60098	250	272.0432665	0.4199222318	-1443.80489	-3	1.174434866	195.5734504	164	12.76598641	80165.838	43533.6738	0.9134235589
5910.790515	65104.42655	250	271.9485987	0.4197399053	-1443.302463	-3	1.174309049	196.7477594	165	12.84155398	80162.91257	43534.02021	0.9134886708
5886.735474	65103.25224	250	271.8540089	0.4195577462	-1442.80045	-3	1.174183344	197.9219428	166	12.91709526	80159.98971	43534.36573	0.9135537099
5862.6888	65102.07806	250	271.7594969	0.4193757544	-1442.29885	-3	1.174057751	199.0960005	167	12.99261026	80157.06942	43534.71037	0.9136186762
5838.650486	65100.904	250	271.6650626	0.4191939294	-1441.797662	-3	1.17393227	200.2699328	168	13.06809901	80154.15171	43535.05413	0.9136835697
5814.620525	65099.73007	250	271.5707059	0.4190122713	-1441.296887	-3	1.173806901	201.4437397	169	13.14356153	80151.23655	43535.39701	0.9137483907
5790.59891	65098.55626	250	271.4764268	0.4188307796	-1440.796523	-3	1.173681642	202.6174213	170	13.21899784	80148.32396	43535.73901	0.9138131391
5766.585634	65097.38258	250	271.3822252	0.4186494542	-1440.29657	-3	1.173556496	203.7909778	171	13.29440795	80145.41392	43536.08013	0.9138778152
5742.580692	65096.20902	250	271.2881008	0.4184682948	-1439.797027	-3	1.17343146	204.9644093	172	13.36979191	80142.50644	43536.42038	0.9139424189
5718.584074	65095.03559	250	271.1940538	0.4182873013	-1439.297895	-3	1.173306535	206.1377158	173	13.44514971	80139.6015	43536.75976	0.9140069505
5694.595776	65093.86228	250	271.1000838	0.4181064733	-1438.799172	-3	1.173181721	207.3108975	174	13.52048139	80136.6991	43537.09826	0.9140714099
5670.61579	65092.6891	250	271.0061909	0.4179258108	-1438.300858	-3	1.173057018	208.4839546	175	13.59578697	80133.79925	43537.4359	0.9141357974
5646.644109	65091.51605	250	270.912375	0.4177453133	-1437.802952	-3	1.172932425	209.656887	176	13.67106647	80130.90192	43537.77266	0.914200113
5622.680726	65090.34311	250	270.8186359	0.4175649808	-1437.305454	-3	1.172807942	210.8296949	177	13.74631991	80128.00713	43538.10856	0.9142643568
5598.725636	65089.17031	250	270.7249736	0.417384813	-1436.808364	-3	1.17268357	212.0023785	178	13.82154731	80125.11487	43538.44359	0.9143285289
5574.778829	65087.99762	250	270.631388	0.4172048096	-1436.31168	-3	1.172559307	213.1749378	179	13.89674869	80122.22512	43538.77776	0.9143926295
5550.840301	65086.82506	250	270.5378789	0.4170249705	-1435.815403	-3	1.172435155	214.3473729	180	13.97192407	80119.3379	43539.11106	0.9144566586
5526.910045	65085.65263	250	270.4444463	0.4168452954	-1435.319532	-3	1.172311112	215.5196841	181	14.04707348	80116.45318	43539.4435	0.9145206163
5502.988053	65084.48032	250	270.3510901	0.4166657841	-1434.824066	-3	1.172187178	216.6918712	182	14.12219694	80113.57098	43539.77508	0.9145845027
5479.074318	65083.30813	250	270.2578101	0.4164864363	-1434.329005	-3	1.336130631	218.0280019	183	14.19729447	91324.71222	43540.10581	0.7
5455.168835	65081.972	249.6010639	269.7365839	0.4156476952	-1431.562721	-3	1.334663477	219.3626653	184	14.27236608	91259.9734	43476.34798	0.7
5431.309456	65080.63733	249.2020169	269.2157134	0.4148097169	-1428.798324	-3	1.333201782	220.6958671	185	14.34729291	91195.53332	43412.88781	0.7
5407.496151	65079.30413	248.8028594	268.6951978	0.4139724991	-1426.035812	-3	1.331745564	222.0276127	186	14.42207505	91131.39357	43349.72691	0.7
5383.728887	65077.97239	248.4035912	268.1750361	0.4131360399	-1423.275177	-3	1.330294838	223.3579075	187	14.49671261	91067.55574	43286.86686	0.7
5360.007634	65076.64209	248.0042124	267.6552275	0.4123003372	-1420.516417	-3	1.328849622	224.6867572	188	14.57120567	91004.02145	43224.30928	0.7
5336.332361	65075.31324	247.6047233	267.1357711	0.411465389	-1417.759526	-3	1.327409932	226.0141671	189	14.64555435	90940.79231	43162.05579	0.7
5312.703035	65073.98583	247.2051237	266.616666	0.4106311931	-1415.004499	-3	1.325975785	227.3401429	190	14.71975873	90877.86994	43100.10802	0.7
5289.119627	65072.65986	246.8054139	266.0979113	0.4097977476	-1412.251332	-3	1.324547198	228.6646901	191	14.79381891	90815.25598	43038.4676	0.7
5265.582105	65071.33531	246.4055939	265.5795061	0.4089650504	-1409.50002	-3	1.323124189	229.9878143	192	14.867735	90752.95209	42977.1362	0.7
5242.090438	65070.01219	246.0056638	265.0614496	0.4081330995	-1406.750558	-3	1.321706774	231.309521	193	14.94150708	90690.95991	42916.11546	0.7
5218.644595	65068.69048	245.6056236	264.5437408	0.4073018928	-1404.002942	-3	1.320294972	232.629816	194	15.01513526	90629.28111	42855.40707	0.7
5195.244546	65067.37018	245.2054734	264.0263789	0.4064714283	-1401.257167	-3	1.318888799	233.9487048	195	15.08861964	90567.91738	42795.01271	0.7
5171.89026	65066.0513	244.8052134	263.5093631	0.4056417039	-1398.513228	-3	1.317488274	235.2661931	196	15.1619603	90506.8704	42734.93407	0.7
5148.581706	65064.73381	244.4048436	262.9926923	0.4048127178	-1395.771121	-3	1.316093414	236.5822865	197	15.23515734	90446.14188	42675.17285	0.7
5125.318854	65063.41771	244.004364	262.4763658	0.4039844677	-1393.030841	-3	1.314704236	237.8969907	198	15.30821087	90385.73352	42615.73078	0.7
5102.101673	65062.10301	243.6037749	261.9603826	0.4031569518	-1390.292383	-3	1.31332076	239.2103115	199	15.38112097	90325.64705	42556.60957	0.7
5078.930134	65060.78969	243.2030762	261.444742	0.4023301681	-1387.555743	-3	1.311943004	240.5222545	200	15.45388774	90265.8842	42497.81098	0.7
5055.804205	65059.47775	242.802268	260.929443	0.4015041144	-1384.820917	-3	1.310570985	241.8328255	201	15.52651128	90206.44673	42439.33674	0.7
5032.723856	65058.16717	242.4013505	260.4144848	0.4006787889	-1382.087898	-3	1.309204723	243.1420302	202	15.59899168	90147.33638	42381.18862	0.7
5009.689058	65056.85797	242.0003237	259.8998664	0.3998541896	-1379.356684	-3	1.307844235	244.4498744	203	15.67132904	90088.55493	42323.3684	0.7
4986.69978	65055.55013	241.5991877	259.3855871	0.3990303143	-1376.627269	-3	1.306489542	245.756364	204	15.74352345	90030.10416	42265.87786	0.7
4963.755992	65054.24364	241.1979426	258.871646	0.3982071613	-1373.899649	-3	1.305140661	247.0615046	205	15.815575	89971.98587	42208.7188	0.7
4940.857664	65052.9385	240.7965885	258.3580422	0.3973847284	-1371.173819	-3	1.303797612	248.3653022	206	15.88748379	89914.20185	42151.89303	0.7
4918.004767	65051.6347	240.3951254	257.8447748	0.3965630138	-1368.449774	-3	1.302460413	249.6677627	207	15.95924991	89856.75393	42095.40236	0.7
4895.197271	65050.33224	239.9935535	257.331843	0.3957420154	-1365.72751	-3	1.301129086	250.9688917	208	16.03087346	89799.64394	42039.24865	0.7
4872.435146	65049.03111	239.5918728	256.8192459	0.3949217312	-1363.007023	-3	1.299803648	252.2686954	209	16.10235453	89742.87372	41983.43373	0.7
4849.718362	65047.7313	239.1900835	256.3069827	0.3941021594	-1360.288308	-3	1.29848412	253.5671795	210	16.17369321	89686.44513	41927.95946	0.7
4827.04689	65046.43282	238.7881856	255.7950525	0.393283298	-1357.571361	-3	1.297170521	254.86435	211	16.24488959	89630.36004	41872.82772	0.7
4804.420701	65045.13565	238.3861792	255.2834544	0.3924651449	-1354.856176	-3	1.295862872	256.1602129	212	16.31594377	89574.62032	41818.04039	0.7
4781.839765	65043.83979	237.9840645	254.7721877	0.3916476983	-1352.142749	-3	1.294561193	257.4547741	213	16.38685584	89519.22788	41763.59938	0.7
4759.304052	65042.54523	237.5818414	254.2612514	0.3908309562	-1349.431077	-3	1.293265503	258.7480396	214	16.4576259	89464.18462	41709.5066	0.7
4736.813534	65041.25196	237.1795101	253.7506448	0.3900149167	-1346.721153	-3	1.291975825	260.0400154	215	16.52825402	89409.49246	41655.76397	0.7
4714.368182	65039.95998	236.7770708	253.2403669	0.3891995779	-1344.012975	-3	1.290692177	261.3307076	216	16.59874031	89355.15335	41602.37343	0.7
4691.967966	65038.66929	236.3745233	252.7304169	0.3883849377	-1341.306537	-3	1.289414582	262.6201222	217	16.66908486	89301.16923	41549.33695	0.7
4669.612857	65037.37988	235.971868	252.220794	0.3875709944	-1338.601834	-3	1.288143059	263.9082652	218	16.73928775	89247.54206	41496.65648	0.7
4647.302826	65036.09173	235.5691049	251.7114973	0.3867577459	-1335.898863	-3	1.286877631	265.1951429	219	16.80934908	89194.27383	41444.33401	0.7
4625.037845	65034.80486	235.166234	251.202526	0.3859451903	-1333.197619	-3	1.285618318	266.4807612	220	16.87926894	89141.36652	41392.37154	0.7
4602.817885	65033.51924	234.7632554	250.6938792	0.3851333258	-1330.498098	-3	1.284365143	267.7651263	221	16.94904742	89088.82215	41340.77107	0.7
4580.642916	65032.23487	234.3601693	250.1855562	0.3843221503	-1327.800294	-3	1.283118126	269.0482445	222	17.01868461	89036.64272	41289.53464	0.7
4558.512911	65030.95176	233.9569758	249.677556	0.3835116621	-1325.104204	-3	1.28187729	270.3301218	223	17.0881806	88984.83029	41238.66428	0.7
4536.427841	65029.66988	233.5536749	249.1698779	0.3827018592	-1322.409824	-3	1.280642656	271.6107644	224	17.15753548	88933.38691	41188.16206	0.7
4514.387678	65028.38924	233.1502668	248.662521	0.3818927398	-1319.717148	-3	1.279414248	272.8901787	225	17.22674933	88882.31462	41138.03003	0.7
4492.392392	65027.10982	232.7467515	248.1554845	0.3810843018	-1317.026172	-3	1.278192087	274.1683707	226	17.29582225	88831.61554	41088.2703	0.7
4470.441956	65025.83163	232.3431292	247.6487675	0.3802765435	-1314.336892	-3	1.276976197	275.4453469	227	17.36475433	88781.29173	41038.88495	0.7
4448.536341	65024.55465	231.9393999	247.1423692	0.3794694629	-1311.649304	-3	1.275766599	276.7211135	228	17.43354566	88731.34533	40989.87612	0.7
4426.675519	65023.27889	231.5355637	246.6362888	0.3786630582	-1308.963402	-3	1.274563317	277.9956769	229	17.50219632	88681.77846	40941.24592	0.7
4404.859462	65022.00432	231.1316208	246.1305254	0.3778573274	-1306.279184	-3	1.273366374	279.2690432	230	17.5707064	88632.59327	40892.99652	0.7
4383.088143	65020.73096	230.7275712	245.6250783	0.3770522688	-1303.596643	-3	1.272175793	280.541219	231	17.63907599	88583.79192	40845.13008	0.7
4361.361532	65019.45878	230.3234151	245.1199466	0.3762478805	-1300.915777	-3	1.270991599	281.8122106	232	17.70730517	88535.37658	40797.64879	0.7
4339.679602	65018.18779	229.9191525	244.6151295	0.3754441605	-1298.236581	-3	1.269813815	283.0820244	233	17.77539405	88487.34945	40750.55483	0.7
4318.042326	65016.91798	229.5147835	244.1106262	0.374641107	-1295.559049	-3	1.268642464	284.3506669	234	17.8433427	88439.71274	40703.85043	0.7
4296.449675	65015.64933	229.1103083	243.6064358	0.3738387183	-1292.883179	-3	1.267477572	285.6181445	235	17.9111512	88392.46869	40657.53782	0.7
4274.901622	65014.38186	228.705727	243.1025576	0.3730369923	-1290.208965	-3	1.266319162	286.8844636	236	17.97881966	88345.61953	40611.61925	0.7
4253.398139	65013.11554	228.3010396	242.5989906	0.3722359273	-1287.536403	-3	1.26516726	288.1496309	237	18.04634815	88299.16754	40566.097	0.7
4231.939199	65011.85037	227.8962463	242.0957342	0.3714355214	-1284.86549	-3	1.264021889	289.4136528	238	18.11373675	88253.11498	40520.97334	0.7
4210.524774	65010.58635	227.4913471	241.5927875	0.3706357728	-1282.196219	-3	1.262883076	290.6765359	239	18.18098557	88207.46417	40476.25058	0.7
4189.154838	65009.32346	227.0863422	241.0901496	0.3698366797	-1279.528589	-3	1.261750845	291.9382867	240	18.24809468	88162.21742	40431.93104	0.7
4167.829361	65008.06171	226.6812317	240.5878198	0.3690382402	-1276.862593	-3	1.260625222	293.1989119	241	18.31506416	88117.37706	40388.01707	0.7
4146.548318	65006.80109	226.2760156	240.0857973	0.3682404524	-1274.198228	-3	1.259506233	294.4584182	242	18.38189411	88072.94545	40344.51102	0.7
4125.311681	65005.54158	225.8706941	239.5840812	0.3674433147	-1271.535489	-3	1.258393903	295.7168121	243	18.44858461	88028.92496	40301.41527	0.7
4104.119423	65004.28319	225.4652674	239.0826707	0.366646825	-1268.874372	-3	1.25728826	296.9741003	244	18.51513575	87985.31798	40258.73221	0.7
4082.971516	65003.0259	225.0597354	238.5815651	0.3658509817	-1266.214874	-3	1.256189328	298.2302897	245	18.5815476	87942.12693	40216.46427	0.7
4061.867935	65001.76971	224.6540983	238.0807636	0.365055783	-1263.556988	-3	1.255097136	299.4853868	246	18.64782026	87899.35423	40174.61387	0.7
4040.808652	65000.51461	224.2483563	237.5802652	0.3642612269	-1260.900713	-3	1.254011709	300.7393985	247	18.7139538	87857.00234	40133.18348	0.7
4019.79364	64999.2606	223.8425094	237.0800694	0.3634673117	-1258.246042	-3	1.252933075	301.9923316	248	18.77994832	87815.07372	40092.17556	0.7
3998.822873	64998.00767	223.4365577	236.5801751	0.3626740356	-1255.592972	-3	1.251861262	303.2441928	249	18.84580389	87773.57086	40051.59262	0.7
3977.896323	64996.75581	223.0305013	236.0805817	0.3618813968	-1252.941499	-3	1.250796297	304.4949891	250	18.91152061	87732.49629	40011.43717	0.7
3957.013965	64995.50501	222.6243404	235.5812883	0.3610893935	-1250.291618	-3	1.249738207	305.7447273	251	18.97709855	87691.85252	39971.71175	0.7
3936.175771	64994.25527	222.2180751	235.0822942	0.360298024	-1247.643326	-3	1.248687022	306.9934144	252	19.0425378	87651.64211	39932.4189	0.7
3915.381716	64993.00659	221.8117054	234.5835985	0.3595072864	-1244.996617	-3	1.247642769	308.2410571	253	19.10783843	87611.86763	39893.56122	0.7
3894.631772	64991.75894	221.4052315	234.0852005	0.3587171789	-1242.351488	-3	1.246605478	309.4876626	254	19.17300054	87572.53168	39855.1413	0.7
3873.925914	64990.51234	220.9986535	233.5870994	0.3579276998	-1239.707935	-3	1.245575176	310.7332378	255	19.23802421	87533.63687	39817.16176	0.7
3853.264115	64989.26676	220.5919716	233.0892943	0.3571388473	-1237.065953	-3	1.244551893	311.9777897	256	19.30290952	87495.18585	39779.62524	0.7
3832.646349	64988.02221	220.1851857	232.5917846	0.3563506197	-1234.425539	-3	1.24353566	313.2213253	257	19.36765654	87457.18127	39742.53442	0.7
3812.07259	64986.77867	219.7782961	232.0945693	0.3555630151	-1231.786687	-3	1.242526504	314.4638518	258	19.43226537	87419.62581	39705.89198	0.7
3791.542812	64985.53615	219.3713029	231.5976478	0.3547760318	-1229.149395	-3	1.241524457	315.7053763	259	19.49673608	87382.52219	39669.70062	0.7
3771.056989	64984.29462	218.9642061	231.1010192	0.353989668	-1226.513657	-3	1.240529549	316.9459058	260	19.56106876	87345.87312	39633.96309	0.7
3750.615095	64983.05409	218.5570059	230.6046828	0.3532039221	-1223.879469	-3	1.23954181	318.1854477	261	19.62526349	87309.68137	39598.68215	0.7
3730.217103	64981.81455	218.1497023	230.1086378	0.3524187921	-1221.246828	-3	1.238561271	319.4240089	262	19.68932035	87273.9497	39563.86056	0.7
3709.86299	64980.57599	217.7422956	229.6128833	0.3516342765	-1218.615729	-3	1.237587964	320.6615969	263	19.75323941	87238.68092	39529.50114	0.7
3689.552728	64979.3384	217.3347859	229.1174187	0.3508503734	-1215.986169	-3	1.236621919	321.8982188	264	19.81702077	87203.87785	39495.60671	0.7
3669.286291	64978.10178	216.9271731	228.6222431	0.350067081	-1213.358142	-3	1.235663168	323.133882	265	19.8806645	87169.54334	39462.18013	0.7
3649.063656	64976.86612	216.5194575	228.1273558	0.3492843978	-1210.731645	-3	1.234711744	324.3685937	266	19.94417068	87135.68025	39429.22428	0.7
3628.884795	64975.63141	216.1116392	227.6327559	0.3485023219	-1208.106675	-3	1.233767679	325.6023614	267	20.00753939	87102.2915	39396.74206	0.7
3608.749684	64974.39764	215.7037183	227.1384428	0.3477208516	-1205.483225	-3	1.232831005	326.8351924	268	20.07077071	87069.37999	39364.73639	0.7
3588.658297	64973.16481	215.295695	226.6444157	0.3469399851	-1202.861294	-3	1.231901756	328.0670942	269	20.13386472	87036.94868	39333.21024	0.7
3568.610608	64971.93291	214.8875692	226.1506737	0.3461597208	-1200.240876	-3	1.230979964	329.2980741	270	20.1968215	87005.00055	39302.16658	0.7
3548.606594	64970.70193	214.4793412	225.6572161	0.3453800569	-1197.621967	-3	1.230065664	330.5281398	271	20.25964113	86973.53859	39271.60841	0.7
3528.646228	64969.47186	214.0710111	225.1640422	0.3446009918	-1195.004564	-3	1.229158888	331.7572987	272	20.32232369	86942.56583	39241.53878	0.7
3508.729485	64968.2427	213.662579	224.6711511	0.3438225236	-1192.388662	-3	1.228259672	332.9855584	273	20.38486926	86912.08533	39211.96073	0.7
3488.856341	64967.01444	213.2540449	224.1785422	0.3430446508	-1189.774257	-3	1.22736805	334.2129264	274	20.44727791	86882.10017	39182.87736	0.7
3469.02677	64965.78707	212.8454092	223.6862146	0.3422673715	-1187.161346	-3	1.226484057	335.4394105	275	20.50954973	86852.61345	39154.29179	0.7
3449.240747	64964.56059	212.4366717	223.1941676	0.3414906842	-1184.549923	-3	1.225607728	336.6650182	276	20.57168479	86823.62832	39126.20715	0.7
3429.498248	64963.33498	212.0278328	222.7024004	0.340714587	-1181.939986	-3	1.224739099	337.8897573	277	20.63368317	86795.14793	39098.62661	0.7
3409.799249	64962.11024	211.6188925	222.2109122	0.3399390783	-1179.33153	-3	1.223878205	339.1136355	278	20.69554495	86767.17549	39071.55338	0.7
3390.143723	64960.88636	211.2098509	221.7197024	0.3391641564	-1176.72455	-3	1.223025083	340.3366606	279	20.7572702	86739.71422	39044.99069	0.7
3370.531647	64959.66334	210.8007081	221.2287701	0.3383898197	-1174.119044	-3	1.22217977	341.5588403	280	20.81885901	86712.76736	39018.94179	0.7
3350.962997	64958.44116	210.3914643	220.7381146	0.3376160663	-1171.515007	-3	1.221342302	342.7801826	281	20.88031144	86686.33821	38993.40997	0.7
3331.437746	64957.21982	209.9821196	220.2477352	0.3368428948	-1168.912435	-3	1.220512717	344.0006954	282	20.94162759	86660.43007	38968.39855	0.7
3311.955873	64955.9993	209.5726742	219.757631	0.3360703033	-1166.311323	-3	1.219691052	345.2203864	283	21.00280751	86635.04629	38943.91088	0.7
3292.517351	64954.77961	209.1631281	219.2678014	0.3352982902	-1163.711669	-3	1.218877347	346.4392638	284	21.0638513	86610.19024	38919.95033	0.7
3273.122156	64953.56074	208.7534814	218.7782455	0.3345268539	-1161.113468	-3	1.218071639	347.6573354	285	21.12475902	86585.86533	38896.52033	0.7
3253.770265	64952.34266	208.3437344	218.2889627	0.3337559926	-1158.516716	-3	1.217273966	348.8746094	286	21.18553076	86562.07498	38873.6243	0.7
3234.461653	64951.12539	207.9338871	217.7999521	0.3329857047	-1155.921409	-3	1.21648437	350.0910937	287	21.24616658	86538.82268	38851.26573	0.7
3215.196296	64949.90891	207.5239396	217.3112131	0.3322159886	-1153.327543	-3	1.215702888	351.3067966	288	21.30666657	86516.11192	38829.44812	0.7
3195.97417	64948.6932	207.1138921	216.8227449	0.3314468425	-1150.735114	-3	1.214929561	352.5217262	289	21.36703079	86493.94624	38808.17502	0.7
3176.795252	64947.47827	206.7037448	216.3345467	0.3306782649	-1148.144118	-3	1.21416443	353.7358906	290	21.42725933	86472.32921	38787.44999	0.7
3157.659517	64946.26411	206.2934977	215.8466178	0.3299102541	-1145.554552	-3	1.213407535	354.9492981	291	21.48735226	86451.26441	38767.27664	0.7
3138.566941	64945.0507	205.8831509	215.3589575	0.3291428084	-1142.966411	-3	1.212658918	356.1619571	292	21.54730966	86430.7555	38747.65862	0.7
3119.517501	64943.83804	205.4727047	214.871565	0.3283759262	-1140.379691	-3	1.211918621	357.3738757	293	21.60713159	86410.80614	38728.59961	0.7
3100.511172	64942.62612	205.0621591	214.3844396	0.3276096059	-1137.794389	-3	1.211186684	358.5850624	294	21.66681814	86391.42003	38710.1033	0.7
3081.547933	64941.41494	204.6515142	213.8975805	0.3268438458	-1135.2105	-3	1.210463152	359.7955255	295	21.72636937	86372.60092	38692.17345	0.7
3062.627758	64940.20447	204.2407702	213.4109871	0.3260786443	-1132.628021	-3	1.209748067	361.0052736	296	21.78578536	86354.35258	38674.81384	0.7
3043.750624	64938.99473	203.8299273	212.9246585	0.3253139997	-1130.046948	-3	1.209041473	362.2143151	297	21.84506619	86336.67883	38658.02829	0.7
3024.916508	64937.78568	203.4189855	212.438594	0.3245499105	-1127.467276	-3	1.530381003	363.7446961	298	21.90421193	109324.7577	61646.99483	0.7
3006.125387	64936.2553	203.0079449	211.9527929	0.3237863749	-1124.889003	-3	1.528630918	365.273327	299	21.96322265	109241.1812	61564.54196	0.7
2987.377237	64934.72667	202.5968059	211.4672545	0.3230233915	-1122.312123	-3	1.526893244	366.8002202	300	22.02209843	109158.4061	61482.88919	0.7
2968.672035	64933.19978	202.1855683	210.9819781	0.3222609585	-1119.736634	-3	1.525168034	368.3253883	301	22.08083933	109076.4372	61402.04138	0.7
2950.009757	64931.67461	201.7742324	210.4969628	0.3214990744	-1117.162531	-3	1.523455343	369.8488436	302	22.13944544	108995.2795	61322.00344	0.7
2931.390382	64930.15116	201.3627984	210.012208	0.3207377376	-1114.58981	-3	1.521755225	371.3705988	303	22.19791682	108914.9379	61242.78034	0.7
2912.813885	64928.6294	200.9512663	209.527713	0.3199769463	-1112.018468	-3	1.520067735	372.8906666	304	22.25625354	108835.4173	61164.37708	0.7
2894.280244	64927.10933	200.5396363	209.043477	0.3192166991	-1109.448501	-3	1.51839293	374.4090595	305	22.31445568	108756.7229	61086.79872	0.7
2875.789436	64925.59094	200.1279085	208.5594993	0.3184569944	-1106.879905	-3	1.516730865	375.9257904	306	22.37252331	108678.8597	61010.05035	0.7
2857.341437	64924.07421	199.7160831	208.0757792	0.3176978305	-1104.312675	-3	1.515081598	377.440872	307	22.43045651	108601.8329	60934.13714	0.7
2838.936226	64922.55913	199.3041602	207.5923159	0.3169392058	-1101.746809	-3	1.513445186	378.9543171	308	22.48825534	108525.6477	60859.06427	0.7
2820.573779	64921.04568	198.8921399	207.1091088	0.3161811188	-1099.182302	-3	1.511821688	380.4661388	309	22.54591987	108450.3092	60784.83699	0.7
2802.254074	64919.53386	198.4800223	206.6261571	0.3154235678	-1096.619151	-3	1.510211162	381.97635	310	22.60345018	108375.8229	60711.46062	0.7
2783.977088	64918.02365	198.0678077	206.1434601	0.3146665514	-1094.057351	-3	1.508613668	383.4849637	311	22.66084633	108302.1939	60638.94049	0.7
2765.742799	64916.51504	197.6554961	205.661017	0.3139100678	-1091.4969	-3	1.507029266	384.9919929	312	22.7181084	108229.4278	60567.282	0.7
2747.551184	64915.00801	197.2430877	205.1788273	0.3131541155	-1088.937792	-3	1.505458016	386.4974509	313	22.77523646	108157.5299	60496.49062	0.7
2729.402221	64913.50255	196.8305827	204.69689	0.312398693	-1086.380025	-3	1.50389998	388.0013509	314	22.83223058	108086.5059	60426.57186	0.7
2711.295887	64911.99865	196.4179811	204.2152046	0.3116437987	-1083.823594	-3	1.502355219	389.5037061	315	22.88909083	108016.3611	60357.53126	0.7
2693.232161	64910.49629	196.005283	203.7337703	0.3108894309	-1081.268496	-3	1.500823797	391.0045299	316	22.94581728	107947.1012	60289.37445	0.7
2675.211019	64908.99547	195.5924888	203.2525864	0.3101355882	-1078.714728	-3	1.499305777	392.5038357	317	23.00240999	107878.732	60222.10711	0.7
2657.23244	64907.49616	195.1795984	202.7716522	0.309382269	-1076.162284	-3	1.497801223	394.0016369	318	23.05886904	107811.259	60155.73495	0.7
2639.296402	64905.99836	194.766612	202.290967	0.3086294717	-1073.611161	-3	1.496310199	395.4979471	319	23.1151945	107744.6882	60090.26377	0.7
2621.402883	64904.50205	194.3535298	201.8105301	0.3078771947	-1071.061357	-3	1.49483277	396.9927799	320	23.17138644	107679.0252	60025.6994	0.7
2603.55186	64903.00722	193.9403518	201.3303407	0.3071254366	-1068.512866	-3	1.493369004	398.4861489	321	23.22744492	107614.276	59962.04774	0.7
2585.743312	64901.51385	193.5270784	200.8503982	0.3063741956	-1065.965685	-3	1.491918966	399.9780679	322	23.28337001	107550.4466	59899.31476	0.7
2567.977218	64900.02193	193.1137095	200.3707019	0.3056234704	-1063.419811	-3	1.490482724	401.4685506	323	23.33916179	107487.5429	59837.50648	0.7
2550.253554	64898.53145	192.7002454	199.891251	0.3048732594	-1060.87524	-3	1.489060347	402.957611	324	23.39482032	107425.5711	59776.62897	0.7
2532.5723	64897.04239	192.2866861	199.4120449	0.3041235609	-1058.331967	-3	1.487651903	404.4452629	325	23.45034566	107364.5372	59716.68838	0.7
2514.933434	64895.55474	191.8730318	198.9330828	0.3033743736	-1055.78999	-3	1.486257462	405.9315203	326	23.5057379	107304.4475	59657.69091	0.7
2497.336934	64894.06848	191.4592828	198.4543641	0.3026256958	-1053.249304	-3	1.484877094	407.4163974	327	23.56099709	107245.3082	59599.64284	0.7
2479.782779	64892.5836	191.045439	197.975888	0.301877526	-1050.709906	-3	1.483510872	408.8999083	328	23.6161233	107187.1257	59542.55048	0.7
2462.270947	64891.10009	190.6315006	197.4976538	0.3011298626	-1048.171793	-3	1.482158866	410.3820672	329	23.6711166	107129.9062	59486.42025	0.7
2444.801417	64889.61793	190.2174679	197.019661	0.3003827042	-1045.634959	-3	1.48082115	411.8628883	330	23.72597706	107073.6564	59431.25859	0.7
2427.374168	64888.13711	189.8033409	196.5419086	0.2996360493	-1043.099402	-3	1.479497798	413.3423861	331	23.78070475	107018.3826	59377.07206	0.7
2409.989178	64886.65761	189.3891198	196.0643962	0.2988898962	-1040.565119	-3	1.478188884	414.820575	332	23.83529972	106964.0915	59323.86723	0.7
2392.646426	64885.17943	188.9748048	195.5871229	0.2981442436	-1038.032104	-3	1.476894483	416.2974695	333	23.88976205	106910.7898	59271.65078	0.7
2375.345891	64883.70253	188.5603959	195.1100881	0.2973990898	-1035.500355	-3	1.475614672	417.7730841	334	23.94409181	106858.4841	59220.42945	0.7
2358.087552	64882.22692	188.1458934	194.6332911	0.2966544333	-1032.969869	-3	1.474349527	419.2474337	335	23.99828906	106807.1813	59170.21003	0.7
2340.871387	64880.75257	187.7312973	194.1567311	0.2959102727	-1030.44064	-3	1.473099126	420.7205328	336	24.05235386	106756.8882	59120.99942	0.7
2323.697377	64879.27947	187.3166079	193.6804076	0.2951666065	-1027.912667	-3	1.471863549	422.1923963	337	24.10628628	106707.6118	59072.80457	0.7
2306.565499	64877.8076	186.9018253	193.2043198	0.2944234331	-1025.385944	-3	1.470642874	423.6630392	338	24.1600864	106659.359	59025.63249	0.7
2289.475733	64876.33696	186.4869496	192.728467	0.293680751	-1022.860468	-3	1.469437183	425.1324764	339	24.21375426	106612.1371	58979.49029	0.7
2272.428059	64874.86752	186.0719809	192.2528486	0.2929385588	-1020.336237	-3	1.468246557	426.600723	340	24.26728995	106565.9531	58934.38514	0.7
2255.422455	64873.39928	185.6569195	191.7774638	0.2921968549	-1017.813245	-3	1.467071078	428.067794	341	24.32069352	106520.8142	58890.3243	0.7
2238.458901	64871.93221	185.2417655	191.302312	0.2914556378	-1015.29149	-3	1.465910829	429.5337049	342	24.37396504	106476.7279	58847.31511	0.7
2221.537376	64870.4663	184.826519	190.8273925	0.2907149061	-1012.770968	-3	1.464765896	430.9984708	343	24.42710457	106433.7015	58805.36496	0.7
2204.65786	64869.00153	184.4111801	190.3527046	0.2899746583	-1010.251675	-3	1.463636362	432.4621071	344	24.48011218	106391.7424	58764.48134	0.7
2187.820332	64867.53789	183.9957492	189.8782476	0.2892348929	-1007.733607	-3	1.462522315	433.9246294	345	24.53298793	106350.8583	58724.67184	0.7
2171.024772	64866.07537	183.5802262	189.4040209	0.2884956084	-1005.216762	-3	1.461423841	435.3860533	346	24.58573189	106311.0568	58685.94411	0.7
2154.271159	64864.61395	183.1646113	188.9300237	0.2877568033	-1002.701135	-3	1.460341029	436.8463943	347	24.63834411	106272.3455	58648.30587	0.7
2137.559473	64863.15361	182.7489047	188.4562555	0.2870184761	-1000.186723	-3	1.459273969	438.3056683	348	24.69082468	106234.7324	58611.76496	0.7
2120.889695	64861.69433	182.3331066	187.9827154	0.2862806255	-997.6735215	-3	1.45822275	439.763891	349	24.74317364	106198.2254	58576.32929	0.7
2104.261803	64860.23611	181.917217	187.5094029	0.2855432498	-995.1615281	-3	1.457187463	441.2210785	350	24.79539106	106162.8323	58542.00684	0.7
2087.675777	64858.77892	181.5012363	187.0363173	0.2848063477	-992.6507386	-3	1.456168202	442.6772467	351	24.847477	106128.5613	58508.80571	0.7
2071.131598	64857.32275	181.0851644	186.5634579	0.2840699177	-990.1411497	-3	1.455165059	444.1324117	352	24.89943153	106095.4205	58476.73407	0.7
2054.629246	64855.86759	180.6690016	186.0908239	0.2833339582	-987.6327577	-3	1.45417813	445.5865899	353	24.95125472	106063.4182	58445.80018	0.7
2038.1687	64854.41341	180.252748	185.6184149	0.282598468	-985.1255589	-3	1.45320751	447.0397974	354	25.00294661	106032.5628	58416.0124	0.7
2021.74994	64852.9602	179.8364038	185.14623	0.2818634454	-982.61955	-3	1.452253296	448.4920507	355	25.05450728	106002.8626	58387.37919	0.7
2005.372948	64851.50795	179.4199691	184.6742686	0.2811288891	-980.1147273	-3	1.451315586	449.9433663	356	25.10593679	105974.3262	58359.90909	0.7
1989.037702	64850.05663	179.0034441	184.2025301	0.2803947975	-977.6110873	-3	1.450394479	451.3937607	357	25.1572352	105946.9623	58333.61075	0.7
1972.744184	64848.60624	178.5868289	183.7310137	0.2796611693	-975.1086264	-3	1.449490075	452.8432508	358	25.20840257	105920.7796	58308.4929	0.7
1956.492374	64847.15675	178.1701237	183.2597188	0.278928003	-972.6073411	-3	1.448602476	454.2918533	359	25.25943896	105895.7869	58284.5644	0.7
1940.282251	64845.70815	177.7533287	182.7886448	0.2781952972	-970.1072279	-3	1.447731785	455.7395851	360	25.31034444	105871.9931	58261.83417	0.7
1924.113798	64844.26041	177.3364441	182.317791	0.2774630503	-967.6082832	-3	1.446878106	457.1864632	361	25.36111906	105849.4072	58240.31127	0.7
1907.986993	64842.81354	176.9194699	181.8471567	0.2767312611	-965.1105036	-3	1.446041544	458.6325047	362	25.41176289	105828.0385	58220.00485	0.7
1891.901818	64841.3675	176.5024063	181.3767412	0.275999928	-962.6138854	-3	1.445222205	460.0777269	363	25.46227599	105807.8961	58200.92415	0.7
1875.858253	64839.92227	176.0852535	180.9065439	0.2752690495	-960.1184253	-3	1.444420198	461.5221471	364	25.51265842	105788.9894	58183.07855	0.7
1859.856279	64838.47785	175.6680117	180.4365642	0.2745386244	-957.6241197	-3	1.443635631	462.9657828	365	25.56291024	105771.3279	58166.4775	0.7
1843.895877	64837.03422	175.250681	179.9668013	0.2738086511	-955.1309651	-3	1.442868615	464.4086514	366	25.61303151	105754.921	58151.13059	0.7
1827.977028	64835.59135	174.8332615	179.4972547	0.2730791282	-952.638958	-3	1.442119262	465.8507706	367	25.66302228	105739.7786	58137.04751	0.7
1812.099712	64834.14923	174.4157535	179.0279236	0.2723500543	-950.1480949	-3	1.441387684	467.2921583	368	25.71288263	105725.9103	58124.23807	0.7
1796.26391	64832.70784	173.9981571	178.5588074	0.271621428	-947.6583724	-3	1.440673997	468.7328323	369	25.76261261	105713.3262	58112.71218	0.7
1780.469604	64831.26717	173.5804725	178.0899054	0.2708932479	-945.1697869	-3	1.439978317	470.1728106	370	25.81221228	105702.0361	58102.47989	0.7
1764.716774	64829.82719	173.1626998	177.6212171	0.2701655125	-942.682335	-3	1.43930076	471.6121114	371	25.8616817	105692.0503	58093.55134	0.7
1749.005402	64828.38789	172.7448391	177.1527417	0.2694382204	-940.1960133	-3	1.438641446	473.0507528	372	25.91102093	105683.3791	58085.93682	0.7
1733.335469	64826.94925	172.3268908	176.6844785	0.2687113703	-937.7108182	-3	1.438000495	474.4887533	373	25.96023002	105676.0327	58079.64673	0.7
1717.706955	64825.51125	171.9088548	176.2164271	0.2679849606	-935.2267463	-3	1.437378028	475.9261314	374	26.00930904	105670.0218	58074.69158	0.7
1702.119843	64824.07387	171.4907314	175.7485865	0.2672589901	-932.7437942	-3	1.43677417	477.3629055	375	26.05825805	105665.3569	58071.08204	0.7
1686.574113	64822.63709	171.0725207	175.2809564	0.2665334573	-930.2619584	-3	1.436189044	478.7990946	376	26.1070771	105662.0488	58068.82886	0.7
1671.069747	64821.20091	170.654223	174.8135359	0.2658083608	-927.7812355	-3	1.435622778	480.2347174	377	26.15576626	105660.1085	58067.94297	0.7
1655.606726	64819.76528	170.2358383	174.3463245	0.2650836992	-925.301622	-3	1.435075499	481.6697929	378	26.20432557	105659.5469	58068.4354	0.7
1640.185032	64818.33021	169.8173668	173.8793214	0.2643594711	-922.8231145	-3	1.434547338	483.1043402	379	26.25275511	105660.3751	58070.31732	0.7
1624.804647	64816.89566	169.3988087	173.4125261	0.2636356752	-920.3457095	-3	1.434038424	484.5383786	380	26.30105492	105662.6046	58073.60004	0.7
1609.465552	64815.46162	168.9801643	172.9459379	0.26291231	-917.8694038	-3	1.433548892	485.9719275	381	26.34922506	105666.2467	58078.29501	0.7
1594.167729	64814.02807	168.5614335	172.4795562	0.2621893741	-915.3941938	-3	1.433078875	487.4050064	382	26.3972656	105671.313	58084.41382	0.7
1578.911159	64812.59499	168.1426166	172.0133803	0.2614668662	-912.9200761	-3	1.432628511	488.8376349	383	26.44517659	105677.8152	58091.9682	0.7
1563.695824	64811.16237	167.7237138	171.5474096	0.2607447848	-910.4470474	-3	1.432197937	490.2698328	384	26.49295808	105685.7652	58100.97002	0.7
1548.521707	64809.73017	167.3047253	171.0816434	0.2600231287	-907.9751041	-3	1.431787293	491.7016201	385	26.54061014	105695.1749	58111.4313	0.7
1533.388788	64808.29838	166.8856511	170.6160811	0.2593018964	-905.504243	-3	1.43139672	493.1330169	386	26.58813282	105706.0566	58123.36421	0.7
1518.297051	64806.86698	166.4664915	170.1507221	0.2585810865	-903.0344607	-3	1.431026363	494.5640432	387	26.63552618	105718.4225	58136.78108	0.7
1503.246476	64805.43596	166.0472467	169.6855656	0.2578606977	-900.5657537	-3	1.430676366	495.9947196	388	26.68279027	105732.2852	58151.69439	0.7
1488.237047	64804.00528	165.6279167	169.2206112	0.2571407286	-898.0981187	-3	1.430346877	497.4250665	389	26.72992515	105747.6571	58168.11675	0.7
1473.268745	64802.57493	165.2085019	168.7558581	0.2564211778	-895.6315523	-3	1.430038045	498.8551045	390	26.77693087	105764.5512	58186.06097	0.7
1458.341553	64801.1449	164.7890023	168.2913057	0.255702044	-893.1660511	-3	1.42975002	500.2848545	391	26.8238075	105782.9803	58205.54	0.7
1443.455452	64799.71515	164.3694181	167.8269534	0.2549833258	-890.7016118	-3	1.429482956	501.7143375	392	26.87055508	105802.9575	58226.56695	0.7
1428.610425	64798.28566	163.9497495	167.3628006	0.2542650218	-888.2382309	-3	1.429237008	503.1435745	393	26.91717368	105824.4961	58249.15511	0.7
1413.806455	64796.85643	163.5299966	166.8988465	0.2535471307	-885.7759053	-3	1.429012333	504.5725868	394	26.96366335	105847.6096	58273.31792	0.7
1399.043523	64795.42741	163.1101597	166.4350907	0.2528296511	-883.3146314	-3	1.428809089	506.0013959	395	27.01002414	105872.3115	58299.06902	0.7
1384.321612	64793.9986	162.6902389	165.9715323	0.2521125817	-880.854406	-3	1.428627439	507.4300233	396	27.05625611	105898.6156	58326.42219	0.7
1369.640705	64792.56998	162.2702343	165.5081709	0.2513959211	-878.3952257	-3	1.428467545	508.8584909	397	27.10235931	105926.5359	58355.39142	0.7
1355.000785	64791.14151	161.8501462	165.0450058	0.250679668	-875.9370871	-3	1.428329573	510.2868205	398	27.1483338	105956.0866	58385.99086	0.7
1340.401834	64789.71318	161.4299748	164.5820364	0.249963821	-873.479987	-3	1.428213691	511.7150342	399	27.19417964	105987.2819	58418.23484	0.7
1325.843834	64788.28497	161.0097201	164.119262	0.2492483788	-871.023922	-3	1.428120069	513.1431542	400	27.23989687	106020.1363	58452.1379	0.7
1311.326768	64786.85685	160.5893824	163.656682	0.24853334	-868.5688888	-3	1.428048878	514.5712031	401	27.28548556	106054.6646	58487.71474	0.7
1296.85062	64785.4288	160.1689618	163.1942958	0.2478187034	-866.1148841	-3	1.428000293	515.9992034	402	27.33094574	106090.8817	58524.98028	0.7
1282.415372	64784.0008	159.7484585	162.7321028	0.2471044674	-863.6619045	-3	1.427974492	517.4271779	403	27.37627749	106128.8025	58563.94961	0.7
1268.021007	64782.57282	159.3278728	162.2701023	0.2463906309	-861.2099467	-3	1.427971653	518.8551495	404	27.42148086	106168.4425	58604.63803	0.7
1253.667508	64781.14485	158.9072047	161.8082937	0.2456771925	-858.7590076	-3	1.427991958	520.2831415	405	27.46655588	106209.8171	58647.06104	0.7
1239.354858	64779.71686	158.4864544	161.3466764	0.2449641508	-856.3090836	-3	1.428035591	521.7111771	406	27.51150263	106252.942	58691.23435	0.7
1225.08304	64778.28882	158.0656222	160.8852497	0.2442515045	-853.8601716	-3	1.428102739	523.1392798	407	27.55632115	106297.833	58737.17388	0.7
1210.852037	64776.86072	157.6447081	160.4240132	0.2435392524	-851.4122683	-3	1.428193591	524.5674734	408	27.6010115	106344.5064	58784.89574	0.7
1196.661833	64775.43253	157.2237124	159.962966	0.242827393	-848.9653703	-3	1.428308339	525.9957818	409	27.64557373	106392.9783	58834.41629	0.7
1182.51241	64774.00422	156.8026353	159.5021077	0.242115925	-846.5194745	-3	1.428447177	527.4242289	410	27.69000788	106443.2655	58885.75207	0.7
1168.403752	64772.57577	156.3814769	159.0414376	0.2414048472	-844.0745774	-3	1.428610303	528.8528392	411	27.73431402	106495.3845	58938.91988	0.7
1154.335842	64771.14716	155.9602374	158.580955	0.2406941582	-841.630676	-3	1.428797915	530.2816372	412	27.7784922	106549.3524	58993.93672	0.7
1140.308664	64769.71836	155.5389169	158.1206595	0.2399838567	-839.1877668	-3	1.429010216	531.7106474	413	27.82254247	106605.1865	59050.81984	0.7
1126.322201	64768.28935	155.1175158	157.6605502	0.2392739414	-836.7458466	-3	1.429247413	533.1398948	414	27.86646487	106662.9042	59109.5867	0.7
1112.376437	64766.86011	154.696034	157.2006268	0.2385644109	-834.3049121	-3	1.429509713	534.5694045	415	27.91025947	106722.5231	59170.25501	0.7
1098.471355	64765.4306	154.2744719	156.7408884	0.237855264	-831.8649602	-3	1.429797326	535.9992018	416	27.95392631	106784.0613	59232.84273	0.7
1084.606939	64764.0008	153.8528296	156.2813346	0.2371464994	-829.4259875	-3	1.430110468	537.4293123	417	27.99746545	106847.5369	59297.36806	0.7
1070.783173	64762.57069	153.4311072	155.8219646	0.2364381157	-826.9879909	-3	1.430449355	538.8597616	418	28.04087693	106912.9682	59363.84944	0.7
1057.00004	64761.14024	153.009305	155.362778	0.2357301116	-824.550967	-3	1.430814208	540.2905759	419	28.08416081	106980.3741	59432.30557	0.7
1043.257524	64759.70942	152.5874232	154.903774	0.2350224859	-822.1149127	-3	1.431205249	541.7217811	420	28.12731713	107049.7735	59502.75543	0.7
1029.555608	64758.27822	152.1654618	154.4449521	0.2343152372	-819.6798246	-3	1.431622705	543.1534038	421	28.17034596	107121.1855	59575.21822	0.7
1015.894278	64756.8466	151.7434212	153.9863117	0.2336083643	-817.2456997	-3	1.432066805	544.5854706	422	28.21324734	107194.6296	59649.71345	0.7
1002.273516	64755.41453	151.3213014	153.5278521	0.2329018658	-814.8125346	-3	1.684689428	546.27016	423	28.25602131	126151.5394	78607.67467	0.7
988.6933075	64753.72984	150.8991027	153.0695727	0.2321957405	-812.3803261	-3	1.683425779	547.9535858	424	28.29866794	126104.2223	78561.59451	0.7
975.1536354	64752.04641	150.4768252	152.6114731	0.231489987	-809.9490711	-3	1.682193604	549.6357794	425	28.34118726	126059.2099	78517.81804	0.7
961.6544842	64750.36422	150.0544692	152.1535524	0.2307846042	-807.5187663	-3	1.680993135	551.3167726	426	28.38357934	126016.5219	78476.36517	0.7
948.1958381	64748.68323	149.6320347	151.6958102	0.2300795906	-805.0894085	-3	1.679824605	552.9965972	427	28.42584421	125976.1787	78437.25613	0.7
934.7776813	64747.0034	149.2095221	151.2382459	0.229374945	-802.6609945	-3	1.678688249	554.6752854	428	28.46798194	125938.2006	78400.51138	0.7
921.3999981	64745.32471	148.7869314	150.7808587	0.2286706662	-800.2335211	-3	1.677584308	556.3528697	429	28.50999256	125902.6084	78366.15169	0.7
908.0627727	64743.64713	148.3642629	150.3236482	0.2279667528	-797.8069852	-3	1.676513025	558.0293827	430	28.55187614	125869.4231	78334.19814	0.7
894.7659896	64741.97062	147.9415167	149.8666137	0.2272632035	-795.3813835	-3	1.675474647	559.7048574	431	28.5936327	125838.6662	78304.67207	0.7
881.5096332	64740.29514	147.5186931	149.4097547	0.2265600172	-792.9567128	-3	1.674469425	561.3793268	432	28.63526232	125810.3591	78277.59514	0.7
868.293688	64738.62067	147.0957922	148.9530705	0.2258571925	-790.53297	-3	1.673497612	563.0528244	433	28.67676503	125784.5239	78252.98932	0.7
855.1181385	64736.94718	146.6728141	148.4965605	0.2251547281	-788.1101519	-3	1.672559467	564.7253839	434	28.71814088	125761.1827	78230.87689	0.7
841.9829693	64735.27462	146.2497592	148.0402241	0.2244526228	-785.6882554	-3	1.671655252	566.3970392	435	28.75938993	125740.3583	78211.28045	0.7
828.8881651	64733.60296	145.8266275	147.5840608	0.2237508753	-783.2672772	-3	1.670785232	568.0678244	436	28.80051221	125722.0734	78194.22291	0.7
815.8337104	64731.93218	145.4034193	147.1280699	0.2230494843	-780.8472142	-3	1.669949677	569.7377741	437	28.84150778	125706.3513	78179.72753	0.7
802.8195902	64730.26223	144.9801347	146.6722509	0.2223484486	-778.4280632	-3	1.66914886	571.4069229	438	28.88237669	125693.2156	78167.81789	0.7
789.8457892	64728.59308	144.556774	146.2166032	0.221647767	-776.0098211	-3	1.668383059	573.075306	439	28.92311898	125682.6901	78158.51792	0.7
776.9122921	64726.92469	144.1333372	145.7611261	0.2209474381	-773.5924847	-3	1.667652557	574.7429585	440	28.96373471	125674.7992	78151.85189	0.7
764.0190841	64725.25704	143.7098247	145.305819	0.2202474607	-771.176051	-3	1.666957639	576.4099162	441	29.00422391	125669.5673	78147.84443	0.7
751.1661499	64723.59008	143.2862366	144.8506814	0.2195478335	-768.7605167	-3	1.666298595	578.0762148	442	29.04458664	125667.0195	78146.52054	0.7
