Hp[ft]	ACMass[kg]	CAS[kt]	TAS[kt]	M[-]	ROCD[ft/min]	Grad[deg]	FuelFlow[kg/s]	Fuel[kg]	Time[s]	Distance[NM]	Thr[N]	D[N]	fM[-]
10000	65300	250	288.7023134	0.452275114	-1532.218816	-3	1.196718817	1.196718817	0	0	80683.95419	43463.68775	0.9016752257
9974.46302	65298.80328	250	288.5934003	0.4520618779	-1531.640786	-3	1.196572139	2.393290956	1	0.08019508706	80680.54136	43464.20175	0.9017538386
9948.935673	65297.60671	250	288.4845838	0.4518488534	-1531.063268	-3	1.196425604	3.58971656	2	0.1603599205	80677.13193	43464.71458	0.901832359
9923.417952	65296.41028	250	288.3758637	0.45163604	-1530.486262	-3	1.196279213	4.785995773	3	0.2404945271	80673.72591	43465.22623	0.901910787
9897.909848	65295.214	250	288.2672399	0.4514234375	-1529.909767	-3	1.196132965	5.982128738	4	0.3205989337	80670.32328	43465.73671	0.9019891229
9872.411352	65294.01787	250	288.1587122	0.4512110455	-1529.333782	-3	1.195986861	7.178115599	5	0.400673167	80666.92405	43466.24603	0.9020673666
9846.922455	65292.82188	250	288.0502806	0.4509988639	-1528.758307	-3	1.195840899	8.373956498	6	0.4807172537	80663.5282	43466.75418	0.9021455184
9821.44315	65291.62604	250	287.9419448	0.4507868921	-1528.183341	-3	1.19569508	9.569651578	7	0.5607312205	80660.13574	43467.26116	0.9022235784
9795.973428	65290.43035	250	287.8337049	0.45057513	-1527.608883	-3	1.195549404	10.76520098	8	0.6407150941	80656.74665	43467.76698	0.9023015467
9770.51328	65289.2348	250	287.7255606	0.4503635773	-1527.034933	-3	1.195403869	11.96060485	9	0.720668901	80653.36092	43468.27164	0.9023794234
9745.062698	65288.0394	250	287.6175118	0.4501522336	-1526.46149	-3	1.195258477	13.15586333	10	0.8005926678	80649.97856	43468.77515	0.9024572088
9719.621673	65286.84414	250	287.5095584	0.4499410985	-1525.888553	-3	1.195113227	14.35097656	11	0.8804864211	80646.59956	43469.2775	0.9025349028
9694.190197	65285.64902	250	287.4017003	0.4497301719	-1525.316121	-3	1.194968118	15.54594467	12	0.9603501873	80643.2239	43469.77869	0.9026125058
9668.768262	65284.45406	250	287.2939373	0.4495194534	-1524.744195	-3	1.194823151	16.74076782	13	1.040183993	80639.85159	43470.27873	0.9026900177
9643.355858	65283.25923	250	287.1862693	0.4493089427	-1524.172773	-3	1.194678325	17.93544615	14	1.119987864	80636.48263	43470.77762	0.9027674387
9617.952979	65282.06455	250	287.0786962	0.4490986394	-1523.601854	-3	1.19453364	19.12997979	15	1.199761828	80633.11699	43471.27537	0.902844769
9592.559615	65280.87002	250	286.9712178	0.4488885434	-1523.031438	-3	1.194389095	20.32436888	16	1.27950591	80629.75468	43471.77197	0.9029220087
9567.175757	65279.67563	250	286.863834	0.4486786542	-1522.461524	-3	1.194244691	21.51861358	17	1.359220138	80626.39569	43472.26742	0.9029991579
9541.801398	65278.48139	250	286.7565448	0.4484689717	-1521.892112	-3	1.194100428	22.712714	18	1.438904536	80623.04002	43472.76174	0.9030762168
9516.43653	65277.28729	250	286.6493499	0.4482594954	-1521.323201	-3	1.193956304	23.90667031	19	1.518559132	80619.68765	43473.25491	0.9031531855
9491.081143	65276.09333	250	286.5422492	0.448050225	-1520.75479	-3	1.19381232	25.10048263	20	1.598183951	80616.3386	43473.74695	0.9032300641
9465.73523	65274.89952	250	286.4352427	0.4478411604	-1520.186878	-3	1.193668476	26.2941511	21	1.67777902	80612.99283	43474.23785	0.9033068527
9440.398782	65273.70585	250	286.3283302	0.4476323011	-1519.619465	-3	1.193524771	27.48767588	22	1.757344365	80609.65037	43474.72762	0.9033835516
9415.071791	65272.51232	250	286.2215115	0.4474236468	-1519.05255	-3	1.193381206	28.68105708	23	1.836880013	80606.31118	43475.21625	0.9034601607
9389.754249	65271.31894	250	286.1147865	0.4472151974	-1518.486133	-3	1.193237779	29.87429486	24	1.916385988	80602.97528	43475.70376	0.9035366804
9364.446146	65270.12571	250	286.0081552	0.4470069524	-1517.920213	-3	1.193094491	31.06738935	25	1.995862318	80599.64266	43476.19014	0.9036131106
9339.147476	65268.93261	250	285.9016174	0.4467989116	-1517.354788	-3	1.192951342	32.26034069	26	2.075309028	80596.3133	43476.67539	0.9036894515
9313.85823	65267.73966	250	285.7951729	0.4465910747	-1516.78986	-3	1.192808331	33.45314902	27	2.154726143	80592.98721	43477.15952	0.9037657032
9288.578399	65266.54685	250	285.6888216	0.4463834413	-1516.225426	-3	1.192665458	34.64581448	28	2.234113691	80589.66437	43477.64253	0.903841866
9263.307975	65265.35419	250	285.5825635	0.4461760112	-1515.661486	-3	1.192522723	35.8383372	29	2.313471697	80586.34479	43478.12442	0.9039179398
9238.04695	65264.16166	250	285.4763984	0.4459687841	-1515.09804	-3	1.192380125	37.03071733	30	2.392800187	80583.02845	43478.60519	0.9039939249
9212.795316	65262.96928	250	285.3703261	0.4457617597	-1514.535086	-3	1.192237665	38.222955	31	2.472099187	80579.71535	43479.08484	0.9040698213
9187.553065	65261.77705	250	285.2643465	0.4455549377	-1513.972625	-3	1.192095343	39.41505034	32	2.551368722	80576.40549	43479.56338	0.9041456292
9162.320188	65260.58495	250	285.1584596	0.4453483178	-1513.410656	-3	1.191953157	40.60700349	33	2.630608818	80573.09886	43480.04081	0.9042213488
9137.096677	65259.393	250	285.0526652	0.4451418997	-1512.849177	-3	1.191811108	41.7988146	34	2.709819501	80569.79546	43480.51713	0.9042969801
9111.882524	65258.20119	250	284.9469631	0.4449356831	-1512.288188	-3	1.191669196	42.9904838	35	2.789000797	80566.49527	43480.99234	0.9043725233
9086.677721	65257.00952	250	284.8413533	0.4447296677	-1511.727689	-3	1.19152742	44.18201122	36	2.868152731	80563.19829	43481.46645	0.9044479785
9061.482259	65255.81799	250	284.7358356	0.4445238532	-1511.167679	-3	1.19138578	45.373397	37	2.94727533	80559.90452	43481.93945	0.9045233459
9036.296131	65254.6266	250	284.63041	0.4443182393	-1510.608158	-3	1.191244276	46.56464127	38	3.026368617	80556.61396	43482.41135	0.9045986255
9011.119328	65253.43536	250	284.5250761	0.4441128258	-1510.049123	-3	1.191102908	47.75574418	39	3.10543262	80553.32659	43482.88215	0.9046738175
8985.951843	65252.24426	250	284.4198341	0.4439076124	-1509.490576	-3	1.190961676	48.94670586	40	3.184467363	80550.04241	43483.35185	0.9047489221
8960.793667	65251.05329	250	284.3146837	0.4437025987	-1508.932516	-3	1.190820579	50.13752644	41	3.263472873	80546.76141	43483.82045	0.9048239393
8935.644792	65249.86247	250	284.2096248	0.4434977845	-1508.37494	-3	1.190679616	51.32820605	42	3.342449174	80543.4836	43484.28796	0.9048988693
8910.505209	65248.67179	250	284.1046573	0.4432931694	-1507.81785	-3	1.190538789	52.51874484	43	3.421396292	80540.20895	43484.75438	0.9049737122
8885.374912	65247.48126	250	283.999781	0.4430887533	-1507.261245	-3	1.190398097	53.70914294	44	3.500314252	80536.93748	43485.21971	0.9050484681
8860.253891	65246.29086	250	283.894996	0.4428845357	-1506.705123	-3	1.190257539	54.89940048	45	3.57920308	80533.66917	43485.68395	0.9051231372
8835.142139	65245.1006	250	283.7903019	0.4426805165	-1506.149484	-3	1.190117115	56.08951759	46	3.658062801	80530.40402	43486.1471	0.9051977196
8810.039648	65243.91048	250	283.6856987	0.4424766953	-1505.594328	-3	1.189976826	57.27949442	47	3.736893441	80527.14201	43486.60917	0.9052722154
8784.946409	65242.72051	250	283.5811864	0.4422730718	-1505.039653	-3	1.18983667	58.46933109	48	3.815695024	80523.88316	43487.07015	0.9053466248
8759.862415	65241.53067	250	283.4767647	0.4420696458	-1504.48546	-3	1.189696648	59.65902774	49	3.894467576	80520.62745	43487.53006	0.9054209478
8734.787657	65240.34097	250	283.3724335	0.4418664169	-1503.931747	-3	1.189556759	60.8485845	50	3.973211121	80517.37487	43487.98888	0.9054951846
8709.722128	65239.15142	250	283.2681928	0.441663385	-1503.378514	-3	1.189417004	62.0380015	51	4.051925686	80514.12542	43488.44663	0.9055693353
8684.665819	65237.962	250	283.1640424	0.4414605496	-1502.825761	-3	1.189277382	63.22727888	52	4.130611295	80510.8791	43488.9033	0.9056434001
8659.618723	65236.77272	250	283.0599822	0.4412579105	-1502.273486	-3	1.189137892	64.41641677	53	4.209267974	80507.63589	43489.3589	0.9057173791
8634.580832	65235.58358	250	282.956012	0.4410554675	-1501.721689	-3	1.188998536	65.60541531	54	4.287895747	80504.3958	43489.81343	0.9057912723
8609.552137	65234.39458	250	282.8521318	0.4408532203	-1501.17037	-3	1.188859311	66.79427462	55	4.366494639	80501.15882	43490.26689	0.90586508
8584.532631	65233.20573	250	282.7483414	0.4406511685	-1500.619527	-3	1.188720219	67.98299484	56	4.445064675	80497.92494	43490.71928	0.9059388022
8559.522305	65232.01701	250	282.6446408	0.4404493119	-1500.06916	-3	1.188581259	69.1715761	57	4.523605881	80494.69416	43491.1706	0.9060124391
8534.521153	65230.82842	250	282.5410297	0.4402476502	-1499.519269	-3	1.188442431	70.36001853	58	4.602118282	80491.46647	43491.62086	0.9060859908
8509.529165	65229.63998	250	282.4375081	0.4400461831	-1498.969853	-3	1.188303734	71.54832226	59	4.680601901	80488.24187	43492.07006	0.9061594574
8484.546334	65228.45168	250	282.3340758	0.4398449104	-1498.420911	-3	1.188165169	72.73648743	60	4.759056764	80485.02035	43492.51819	0.9062328391
8459.572652	65227.26351	250	282.2307329	0.4396438317	-1497.872443	-3	1.188026734	73.92451417	61	4.837482896	80481.80191	43492.96527	0.9063061359
8434.608111	65226.07549	250	282.127479	0.4394429468	-1497.324447	-3	1.187888431	75.1124026	62	4.915880322	80478.58654	43493.41129	0.906379348
8409.652704	65224.8876	250	282.0243141	0.4392422555	-1496.776924	-3	1.187750259	76.30015286	63	4.994249066	80475.37423	43493.85626	0.9064524756
8384.706422	65223.69985	250	281.9212381	0.4390417573	-1496.229873	-3	1.187612218	77.48776507	64	5.072589154	80472.16499	43494.30017	0.9065255186
8359.769257	65222.51223	250	281.8182509	0.4388414521	-1495.683293	-3	1.187474306	78.67523938	65	5.150900609	80468.9588	43494.74304	0.9065984774
8334.841202	65221.32476	250	281.7153524	0.4386413396	-1495.137183	-3	1.187336525	79.86257591	66	5.229183456	80465.75566	43495.18485	0.9066713519
8309.922249	65220.13742	250	281.6125423	0.4384414195	-1494.591543	-3	1.187198874	81.04977478	67	5.307437721	80462.55557	43495.62562	0.9067441423
8285.01239	65218.95023	250	281.5098207	0.4382416915	-1494.046373	-3	1.187061353	82.23683613	68	5.385663427	80459.35851	43496.06534	0.9068168488
8260.111617	65217.76316	250	281.4071875	0.4380421554	-1493.501671	-3	1.186923962	83.4237601	69	5.463860599	80456.16449	43496.50401	0.9068894714
8235.219923	65216.57624	250	281.3046423	0.4378428108	-1492.957438	-3	1.186786699	84.61054679	70	5.542029263	80452.9735	43496.94165	0.9069620102
8210.337299	65215.38945	250	281.2021853	0.4376436575	-1492.413671	-3	1.186649566	85.79719636	71	5.620169441	80449.78553	43497.37824	0.9070344655
8185.463738	65214.2028	250	281.0998162	0.4374446953	-1491.870372	-3	1.186512562	86.98370892	72	5.698281159	80446.60058	43497.8138	0.9071068373
8160.599232	65213.01629	250	280.997535	0.4372459238	-1491.327539	-3	1.186375687	88.17008461	73	5.776364441	80443.41865	43498.24832	0.9071791257
8135.743773	65211.82992	250	280.8953415	0.4370473427	-1490.785171	-3	1.186238941	89.35632355	74	5.854419312	80440.23972	43498.6818	0.9072513309
8110.897353	65210.64368	250	280.7932356	0.4368489519	-1490.243268	-3	1.186102323	90.54242587	75	5.932445796	80437.0638	43499.11425	0.9073234529
8086.059965	65209.45757	250	280.6912172	0.436650751	-1489.70183	-3	1.185965833	91.72839171	76	6.010443917	80433.89088	43499.54567	0.907395492
8061.231601	65208.27161	250	280.5892862	0.4364527398	-1489.160855	-3	1.185829471	92.91422118	77	6.0884137	80430.72095	43499.97606	0.9074674482
8036.412254	65207.08578	250	280.4874425	0.436254918	-1488.620344	-3	1.185693237	94.09991442	78	6.166355168	80427.554	43500.40543	0.9075393216
8011.601915	65205.90009	250	280.3856859	0.4360572853	-1488.080295	-3	1.185557131	95.28547155	79	6.244268346	80424.39004	43500.83376	0.9076111123
7986.800577	65204.71453	250	280.2840164	0.4358598414	-1487.540708	-3	1.185421152	96.4708927	80	6.322153259	80421.22906	43501.26108	0.9076828206
7962.008231	65203.52911	250	280.1824337	0.4356625862	-1487.001582	-3	1.1852853	97.656178	81	6.40000993	80418.07105	43501.68737	0.9077544465
7937.224872	65202.34382	250	280.0809379	0.4354655192	-1486.462918	-3	1.185149576	98.84132757	82	6.477838384	80414.91601	43502.11264	0.90782599
7912.45049	65201.15867	250	279.9795288	0.4352686403	-1485.924713	-3	1.185013978	100.0263416	83	6.555638645	80411.76393	43502.53689	0.9078974515
7887.685078	65199.97366	250	279.8782063	0.4350719492	-1485.386968	-3	1.184878507	101.2112201	84	6.633410736	80408.6148	43502.96013	0.9079688308
7862.928628	65198.78878	250	279.7769703	0.4348754456	-1484.849682	-3	1.184743163	102.3959632	85	6.711154682	80405.46863	43503.38235	0.9080401283
7838.181134	65197.60404	250	279.6758206	0.4346791292	-1484.312854	-3	1.184607944	103.5805712	86	6.788870507	80402.32541	43503.80355	0.9081113439
7813.442586	65196.41943	250	279.5747571	0.4344829998	-1483.776484	-3	1.184472852	104.765044	87	6.866558235	80399.18513	43504.22375	0.9081824779
7788.712978	65195.23496	250	279.4737798	0.4342870571	-1483.240571	-3	1.184337886	105.9493819	88	6.94421789	80396.04779	43504.64293	0.9082535303
7763.992302	65194.05062	250	279.3728886	0.4340913009	-1482.705114	-3	1.184203046	107.133585	89	7.021849496	80392.91338	43505.06111	0.9083245012
7739.28055	65192.86642	250	279.2720832	0.4338957308	-1482.170114	-3	1.184068331	108.3176533	90	7.099453076	80389.78189	43505.47828	0.9083953908
7714.577715	65191.68235	250	279.1713636	0.4337003467	-1481.635568	-3	1.183933741	109.501587	91	7.177028654	80386.65333	43505.89444	0.9084661992
7689.883789	65190.49841	250	279.0707297	0.4335051482	-1481.101478	-3	1.183799277	110.6853863	92	7.254576255	80383.52769	43506.3096	0.9085369265
7665.198764	65189.31461	250	278.9701814	0.4333101351	-1480.567842	-3	1.183664937	111.8690512	93	7.332095903	80380.40495	43506.72376	0.9086075728
7640.522633	65188.13095	250	278.8697186	0.4331153071	-1480.034659	-3	1.183530723	113.052582	94	7.40958762	80377.28513	43507.13692	0.9086781383
7615.855389	65186.94742	250	278.7693411	0.432920664	-1479.50193	-3	1.183396632	114.2359786	95	7.48705143	80374.16821	43507.54909	0.908748623
7591.197023	65185.76402	250	278.6690489	0.4327262055	-1478.969653	-3	1.183262667	115.4192413	96	7.564487358	80371.05418	43507.96025	0.9088190271
7566.547529	65184.58076	250	278.5688418	0.4325319313	-1478.437827	-3	1.183128825	116.6023701	97	7.641895428	80367.94305	43508.37043	0.9088893507
7541.906899	65183.39763	250	278.4687197	0.4323378413	-1477.906453	-3	1.182995108	117.7853652	98	7.719275661	80364.83481	43508.77961	0.9089595938
7517.275125	65182.21463	250	278.3686825	0.432143935	-1477.37553	-3	1.182861514	118.9682267	99	7.796628084	80361.72945	43509.1878	0.9090297567
7492.652199	65181.03177	250	278.2687302	0.4319502123	-1476.845056	-3	1.182728044	120.1509547	100	7.873952718	80358.62696	43509.595	0.9090998395
7468.038115	65179.84905	250	278.1688625	0.4317566729	-1476.315032	-3	1.182594697	121.3335494	101	7.951249587	80355.52735	43510.00121	0.9091698421
7443.432864	65178.66645	250	278.0690794	0.4315633166	-1475.785457	-3	1.182461474	122.5160109	102	8.028518716	80352.43061	43510.40644	0.9092397649
7418.83644	65177.48399	250	277.9693808	0.431370143	-1475.25633	-3	1.182328374	123.6983393	103	8.105760126	80349.33673	43510.81068	0.9093096078
7394.248835	65176.30166	250	277.8697665	0.431177152	-1474.727651	-3	1.182195396	124.8805347	104	8.182973843	80346.24571	43511.21394	0.9093793711
7369.67004	65175.11947	250	277.7702365	0.4309843432	-1474.19942	-3	1.182062542	126.0625972	105	8.26015989	80343.15755	43511.61622	0.9094490547
7345.10005	65173.9374	250	277.6707906	0.4307917164	-1473.671634	-3	1.18192981	127.244527	106	8.337318289	80340.07223	43512.01752	0.9095186589
7320.538856	65172.75547	250	277.5714288	0.4305992714	-1473.144295	-3	1.1817972	128.4263242	107	8.414449064	80336.98976	43512.41784	0.9095881837
7295.986451	65171.57368	250	277.4721509	0.4304070079	-1472.617401	-3	1.181664712	129.607989	108	8.491552238	80333.91012	43512.81719	0.9096576293
7271.442828	65170.39201	250	277.3729568	0.4302149257	-1472.090952	-3	1.181532347	130.7895213	109	8.568627836	80330.83332	43513.21556	0.9097269958
7246.907979	65169.21048	250	277.2738464	0.4300230244	-1471.564948	-3	1.181400103	131.9709214	110	8.645675879	80327.75935	43513.61296	0.9097962832
7222.381896	65168.02908	250	277.1748197	0.4298313038	-1471.039387	-3	1.181267981	133.1521894	111	8.722696392	80324.68821	43514.00939	0.9098654917
7197.864573	65166.84781	250	277.0758764	0.4296397638	-1470.514269	-3	1.18113598	134.3333254	112	8.799689398	80321.61988	43514.40485	0.9099346215
7173.356002	65165.66667	250	276.9770165	0.4294484039	-1469.989593	-3	1.1810041	135.5143295	113	8.876654919	80318.55437	43514.79935	0.9100036726
7148.856175	65164.48567	250	276.8782399	0.4292572241	-1469.46536	-3	1.180872342	136.6952018	114	8.953592979	80315.49167	43515.19288	0.9100726451
7124.365086	65163.3048	250	276.7795465	0.4290662239	-1468.941568	-3	1.180740704	137.8759425	115	9.030503601	80312.43178	43515.58544	0.9101415392
7099.882727	65162.12406	250	276.6809361	0.4288754032	-1468.418217	-3	1.180609188	139.0565517	116	9.107386809	80309.37468	43515.97704	0.9102103549
7075.40909	65160.94345	250	276.5824087	0.4286847618	-1467.895306	-3	1.180477791	140.2370295	117	9.184242624	80306.32039	43516.36768	0.9102790924
7050.944168	65159.76297	250	276.4839641	0.4284942993	-1467.372835	-3	1.180346515	141.417376	118	9.261071071	80303.26888	43516.75737	0.9103477519
7026.487954	65158.58262	250	276.3856023	0.4283040155	-1466.850803	-3	1.180215359	142.5975914	119	9.337872172	80300.22016	43517.14609	0.9104163333
7002.040441	65157.40241	250	276.2873231	0.4281139102	-1466.32921	-3	1.180084324	143.7776757	120	9.414645951	80297.17423	43517.53386	0.9104848368
6977.60162	65156.22232	250	276.1891265	0.4279239831	-1465.808055	-3	1.179953408	144.9576291	121	9.491392429	80294.13107	43517.92067	0.9105532626
6953.171486	65155.04237	250	276.0910122	0.4277342339	-1465.287337	-3	1.179822611	146.1374517	122	9.568111631	80291.09068	43518.30654	0.9106216107
6928.75003	65153.86255	250	275.9929803	0.4275446625	-1464.767056	-3	1.179691934	147.3171436	123	9.644803579	80288.05307	43518.69145	0.9106898812
6904.337246	65152.68286	250	275.8950306	0.4273552685	-1464.247211	-3	1.179561377	148.496705	124	9.721468296	80285.01821	43519.07541	0.9107580744
6879.933126	65151.50329	250	275.7971631	0.4271660517	-1463.727802	-3	1.179430938	149.676136	125	9.798105804	80281.98612	43519.45842	0.9108261901
6855.537663	65150.32386	250	275.6993775	0.426977012	-1463.208828	-3	1.179300618	150.8554366	126	9.874716127	80278.95678	43519.84049	0.9108942287
6831.150849	65149.14456	250	275.6016738	0.4267881489	-1462.690289	-3	1.179170417	152.034607	127	9.951299288	80275.93019	43520.22162	0.9109621902
6806.772677	65147.96539	250	275.5040519	0.4265994623	-1462.172184	-3	1.179040335	153.2136473	128	10.02785531	80272.90634	43520.6018	0.9110300747
6782.403141	65146.78635	250	275.4065117	0.4264109519	-1461.654513	-3	1.178910371	154.3925577	129	10.10438421	80269.88524	43520.98104	0.9110978823
6758.042232	65145.60744	250	275.3090531	0.4262226176	-1461.137275	-3	1.178780525	155.5713382	130	10.18088602	80266.86687	43521.35934	0.9111656131
6733.689945	65144.42866	250	275.211676	0.4260344589	-1460.620469	-3	1.178650797	156.749989	131	10.25736076	80263.85123	43521.7367	0.9112332673
6709.34627	65143.25001	250	275.1143802	0.4258464758	-1460.104095	-3	1.178521187	157.9285102	132	10.33380845	80260.83832	43522.11313	0.9113008449
6685.011202	65142.07149	250	275.0171657	0.4256586679	-1459.588152	-3	1.178391695	159.1069019	133	10.41022911	80257.82813	43522.48862	0.9113683461
6660.684733	65140.8931	250	274.9200324	0.425471035	-1459.07264	-3	1.178262321	160.2851642	134	10.48662276	80254.82066	43522.86318	0.911435771
6636.366855	65139.71484	250	274.8229801	0.4252835769	-1458.557558	-3	1.178133063	161.4632973	135	10.56298944	80251.8159	43523.23681	0.9115031196
6612.057563	65138.5367	250	274.7260088	0.4250962932	-1458.042906	-3	1.178003923	162.6413012	136	10.63932916	80248.81385	43523.6095	0.9115703921
6587.756848	65137.3587	250	274.6291184	0.4249091839	-1457.528683	-3	1.1778749	163.8191761	137	10.71564194	80245.81451	43523.98127	0.9116375886
6563.464703	65136.18082	250	274.5323087	0.4247222486	-1457.014888	-3	1.177745993	164.9969221	138	10.7919278	80242.81786	43524.35211	0.9117047092
6539.181121	65135.00308	250	274.4355796	0.424535487	-1456.501522	-3	1.177617203	166.1745393	139	10.86818678	80239.82391	43524.72203	0.9117717541
6514.906096	65133.82546	250	274.3389311	0.4243488991	-1455.988583	-3	1.17748853	167.3520278	140	10.94441888	80236.83265	43525.09102	0.9118387232
6490.63962	65132.64797	250	274.2423631	0.4241624844	-1455.476071	-3	1.177359973	168.5293878	141	11.02062414	80233.84407	43525.45909	0.9119056168
6466.381685	65131.47061	250	274.1458754	0.4239762428	-1454.963986	-3	1.177231532	169.7066193	142	11.09680258	80230.85818	43525.82625	0.9119724349
6442.132285	65130.29338	250	274.0494679	0.423790174	-1454.452326	-3	1.177103207	170.8837225	143	11.17295421	80227.87496	43526.19248	0.9120391777
6417.891413	65129.11628	250	273.9531405	0.4236042778	-1453.941091	-3	1.176974998	172.0606975	144	11.24907906	80224.89442	43526.55779	0.9121058452
6393.659062	65127.9393	250	273.8568932	0.423418554	-1453.430282	-3	1.176846904	173.2375445	145	11.32517715	80221.91655	43526.92219	0.9121724376
6369.435224	65126.76246	250	273.7607259	0.4232330022	-1452.919896	-3	1.176718926	174.4142634	146	11.40124851	80218.94133	43527.28567	0.912238955
6345.219892	65125.58574	250	273.6646383	0.4230476224	-1452.409935	-3	1.176591063	175.5908544	147	11.47729316	80215.96878	43527.64824	0.9123053974
6321.01306	65124.40915	250	273.5686305	0.4228624141	-1451.900396	-3	1.176463315	176.7673178	148	11.55331111	80212.99888	43528.0099	0.912371765
6296.81472	65123.23268	250	273.4727023	0.4226773773	-1451.39128	-3	1.176335683	177.9436534	149	11.6293024	80210.03164	43528.37066	0.9124380579
6272.624865	65122.05635	250	273.3768537	0.4224925116	-1450.882586	-3	1.176208164	179.1198616	150	11.70526704	80207.06703	43528.7305	0.9125042762
6248.443489	65120.88014	250	273.2810844	0.4223078168	-1450.374314	-3	1.176080761	180.2959424	151	11.78120506	80204.10507	43529.08943	0.9125704201
6224.270584	65119.70406	250	273.1853945	0.4221232928	-1449.866462	-3	1.175953472	181.4718958	152	11.85711647	80201.14575	43529.44746	0.9126364895
6200.106143	65118.5281	250	273.0897839	0.4219389391	-1449.359031	-3	1.175826297	182.6477221	153	11.9330013	80198.18906	43529.80459	0.9127024846
6175.950159	65117.35228	250	272.9942523	0.4217547557	-1448.85202	-3	1.175699236	183.8234214	154	12.00885957	80195.235	43530.16082	0.9127684056
6151.802625	65116.17658	250	272.8987998	0.4215707423	-1448.345429	-3	1.175572289	184.9989937	155	12.08469131	80192.28356	43530.51614	0.9128342525
6127.663535	65115.00101	250	272.8034261	0.4213868986	-1447.839256	-3	1.175445456	186.1744391	156	12.16049653	80189.33475	43530.87057	0.9129000254
6103.53288	65113.82556	250	272.7081314	0.4212032244	-1447.333502	-3	1.175318737	187.3497578	157	12.23627526	80186.38854	43531.2241	0.9129657245
6079.410655	65112.65024	250	272.6129153	0.4210197195	-1446.828165	-3	1.17519213	188.52495	158	12.31202752	80183.44495	43531.57673	0.9130313498
6055.296852	65111.47505	250	272.5177779	0.4208363836	-1446.323246	-3	1.175065637	189.7000156	159	12.38775333	80180.50397	43531.92847	0.9130969015
6031.191465	65110.29998	250	272.4227189	0.4206532166	-1445.818743	-3	1.174939258	190.8749549	160	12.46345271	80177.56559	43532.27932	0.9131623797
6007.094486	65109.12505	250	272.3277384	0.4204702181	-1445.314657	-3	1.174812991	192.0497679	161	12.53912569	80174.6298	43532.62927	0.9132277844
5983.005908	65107.95023	250	272.2328363	0.4202873879	-1444.810986	-3	1.174686837	193.2244547	162	12.61477228	80171.69661	43532.97834	0.9132931157
5958.925725	65106.77555	250	272.1380123	0.4201047259	-1444.307731	-3	1.174560795	194.3990155	163	12.69039252	80168.76601	43533.32651	0.9133583738
5934.85393	65105.60098	250	272.0432665	0.4199222318	-1443.80489	-3	1.174434866	195.5734504	164	12.76598641	80165.838	43533.6738	0.9134235589
5910.790515	65104.42655	250	271.9485987	0.4197399053	-1443.302463	-3	1.174309049	196.7477594	165	12.84155398	80162.91257	43534.02021	0.9134886708
5886.735474	65103.25224	250	271.8540089	0.4195577462	-1442.80045	-3	1.174183344	197.9219428	166	12.91709526	80159.98971	43534.36573	0.9135537099
5862.6888	65102.07806	250	271.7594969	0.4193757544	-1442.29885	-3	1.174057751	199.0960005	167	12.99261026	80157.06942	43534.71037	0.9136186762
5838.650486	65100.904	250	271.6650626	0.4191939294	-1441.797662	-3	1.17393227	200.2699328	168	13.06809901	80154.15171	43535.05413	0.9136835697
5814.620525	65099.73007	250	271.5707059	0.4190122713	-1441.296887	-3	1.173806901	201.4437397	169	13.14356153	80151.23655	43535.39701	0.9137483907
5790.59891	65098.55626	250	271.4764268	0.4188307796	-1440.796523	-3	1.173681642	202.6174213	170	13.21899784	80148.32396	43535.73901	0.9138131391
5766.585634	65097.38258	250	271.3822252	0.4186494542	-1440.29657	-3	1.173556496	203.7909778	171	13.29440795	80145.41392	43536.08013	0.9138778152
5742.580692	65096.20902	250	271.2881008	0.4184682948	-1439.797027	-3	1.17343146	204.9644093	172	13.36979191	80142.50644	43536.42038	0.9139424189
5718.584074	65095.03559	250	271.1940538	0.4182873013	-1439.297895	-3	1.173306535	206.1377158	173	13.44514971	80139.6015	43536.75976	0.9140069505
5694.595776	65093.86228	250	271.1000838	0.4181064733	-1438.799172	-3	1.173181721	207.3108975	174	13.52048139	80136.6991	43537.09826	0.9140714099
5670.61579	65092.6891	250	271.0061909	0.4179258108	-1438.300858	-3	1.173057018	208.4839546	175	13.59578697	80133.79925	43537.4359	0.9141357974
5646.644109	65091.51605	250	270.912375	0.4177453133	-1437.802952	-3	1.172932425	209.656887	176	13.67106647	80130.90192	43537.77266	0.914200113
5622.680726	65090.34311	250	270.8186359	0.4175649808	-1437.305454	-3	1.172807942	210.8296949	177	13.74631991	80128.00713	43538.10856	0.9142643568
5598.725636	65089.17031	250	270.7249736	0.417384813	-1436.808364	-3	1.17268357	212.0023785	178	13.82154731	80125.11487	43538.44359	0.9143285289
5574.778829	65087.99762	250	270.631388	0.4172048096	-1436.31168	-3	1.172559307	213.1749378	179	13.89674869	80122.22512	43538.77776	0.9143926295
5550.840301	65086.82506	250	270.5378789	0.4170249705	-1435.815403	-3	1.172435155	214.3473729	180	13.97192407	80119.3379	43539.11106	0.9144566586
5526.910045	65085.65263	250	270.4444463	0.4168452954	-1435.319532	-3	1.172311112	215.5196841	181	14.04707348	80116.45318	43539.4435	0.9145206163
5502.988053	65084.48032	250	270.3510901	0.4166657841	-1434.824066	-3	1.172187178	216.6918712	182	14.12219694	80113.57098	43539.77508	0.9145845027
5479.074318	65083.30813	250	270.2578101	0.4164864363	-1434.329005	-3	1.389908708	218.0817799	183	14.19729447	95000.45118	43540.10581	0.65
5455.168835	65081.91822	249.4987746	269.6268345	0.4154785782	-1430.980252	-3	1.388065409	219.4698454	184	14.27236608	94919.21153	43459.96514	0.65
5431.319164	65080.53015	248.9974142	268.9962863	0.4144716362	-1427.633767	-3	1.386230754	220.8560761	185	14.34726242	94838.45638	43380.30751	0.65
5407.525268	65079.14392	248.4959189	268.3661642	0.4134656077	-1424.289544	-3	1.384404776	222.2404809	186	14.42198361	94758.18868	43301.13588	0.65
5383.787109	65077.75952	247.9942888	267.7364671	0.4124604898	-1420.947577	-3	1.382587506	223.6230684	187	14.49652977	94678.41141	43222.45324	0.65
5360.104649	65076.37693	247.492524	267.1071936	0.4114562797	-1417.607858	-3	1.380778974	225.0038474	188	14.57090101	94599.12758	43144.26259	0.65
5336.477851	65074.99615	246.9906246	266.4783427	0.4104529747	-1414.270381	-3	1.378979213	226.3828266	189	14.64509745	94520.34021	43066.56698	0.65
5312.906678	65073.61717	246.4885908	265.8499131	0.4094505718	-1410.935141	-3	1.377188254	227.7600148	190	14.71911922	94442.05236	42989.36947	0.65
5289.391093	65072.23999	245.9864227	265.2219037	0.4084490685	-1407.60213	-3	1.375406129	229.135421	191	14.79296641	94364.26711	42912.67315	0.65
5265.931057	65070.86458	245.4841203	264.5943131	0.4074484619	-1404.271342	-3	1.373632872	230.5090538	192	14.86663916	94286.98758	42836.48112	0.65
5242.526535	65069.49095	244.9816839	263.9671402	0.4064487492	-1400.942771	-3	1.371868516	231.8809224	193	14.94013759	94210.21688	42760.79654	0.65
5219.177489	65068.11908	244.4791135	263.3403838	0.4054499277	-1397.616411	-3	1.370113092	233.2510354	194	15.01346179	94133.95819	42685.62256	0.65
5195.883882	65066.74896	243.9764092	262.7140428	0.4044519946	-1394.292255	-3	1.368366636	234.6194021	195	15.0866119	94058.21468	42610.96238	0.65
5172.645678	65065.3806	243.4735713	262.0881159	0.4034549473	-1390.970297	-3	1.36662918	235.9860313	196	15.15958802	93982.98958	42536.81922	0.65
5149.462839	65064.01397	242.9705997	261.4626019	0.4024587829	-1387.65053	-3	1.36490076	237.350932	197	15.23239027	93908.28612	42463.19633	0.65
5126.33533	65062.64907	242.4674947	260.8374996	0.4014634987	-1384.332949	-3	1.36318141	238.7141134	198	15.30501878	93834.10757	42390.09699	0.65
5103.263115	65061.28589	241.9642563	260.2128079	0.400469092	-1381.017546	-3	1.361471164	240.0755846	199	15.37747364	93760.45725	42317.52451	0.65
5080.246156	65059.92442	241.4608847	259.5885256	0.3994755601	-1377.704316	-3	1.359770058	241.4353547	200	15.44975497	93687.33846	42245.48222	0.65
5057.284417	65058.56465	240.9573801	258.9646514	0.3984829002	-1374.393253	-3	1.358078127	242.7934328	201	15.5218629	93614.75458	42173.97349	0.65
5034.377863	65057.20657	240.4537424	258.3411843	0.3974911097	-1371.084349	-3	1.356395409	244.1498282	202	15.59379752	93542.70898	42103.0017	0.65
5011.526457	65055.85017	239.949972	257.718123	0.3965001859	-1367.7776	-3	1.354721938	245.5045501	203	15.66555896	93471.20509	42032.57029	0.65
4988.730164	65054.49545	239.4460688	257.0954663	0.395510126	-1364.472998	-3	1.353057751	246.8576079	204	15.73714733	93400.24636	41962.68272	0.65
4965.988947	65053.14239	238.9420331	256.4732131	0.3945209273	-1361.170537	-3	1.351402887	248.2090108	205	15.80856274	93329.83626	41893.34246	0.65
4943.302771	65051.79099	238.437865	255.8513622	0.3935325873	-1357.870211	-3	1.349757382	249.5587681	206	15.8798053	93259.97831	41824.55304	0.65
4920.671601	65050.44123	237.9335646	255.2299124	0.3925451031	-1354.572014	-3	1.348121274	250.9068894	207	15.95087512	93190.67605	41756.31801	0.65
4898.095401	65049.09311	237.429132	254.6088626	0.3915584722	-1351.27594	-3	1.346494602	252.253384	208	16.02177232	93121.93305	41688.64096	0.65
4875.574135	65047.74662	236.9245674	253.9882116	0.3905726918	-1347.981983	-3	1.344877403	253.5982614	209	16.092497	93053.75293	41621.52549	0.65
4853.107769	65046.40174	236.4198709	253.3679582	0.3895877594	-1344.690135	-3	1.343269718	254.9415311	210	16.16304928	92986.13933	41554.97526	0.65
4830.696267	65045.05847	235.9150426	252.7481012	0.3886036722	-1341.400392	-3	1.341671586	256.2832027	211	16.23342927	92919.09593	41488.99396	0.65
4808.339593	65043.7168	235.4100828	252.1286396	0.3876204275	-1338.112747	-3	1.340083046	257.6232858	212	16.30363708	92852.62642	41423.58529	0.65
4786.037714	65042.37671	234.9049915	251.5095721	0.3866380229	-1334.827193	-3	1.338504139	258.9617899	213	16.37367281	92786.73457	41358.75302	0.65
4763.790594	65041.03821	234.3997688	250.8908975	0.3856564555	-1331.543726	-3	1.336934906	260.2987248	214	16.44353658	92721.42415	41294.50093	0.65
4741.598199	65039.70128	233.894415	250.2726148	0.3846757228	-1328.262337	-3	1.335375388	261.6341002	215	16.51322849	92656.69897	41230.83285	0.65
4719.460493	65038.3659	233.3889301	249.6547228	0.3836958222	-1324.983022	-3	1.333825626	262.9679258	216	16.58274867	92592.5629	41167.75264	0.65
4697.377443	65037.03207	232.8833144	249.0372203	0.382716751	-1321.705775	-3	1.332285663	264.3002115	217	16.6520972	92529.01982	41105.26419	0.65
4675.349013	65035.69979	232.3775678	248.4201061	0.3817385066	-1318.430588	-3	1.330755542	265.630967	218	16.72127421	92466.07366	41043.37145	0.65
4653.37517	65034.36903	231.8716907	247.8033792	0.3807610864	-1315.157457	-3	1.329235304	266.9602023	219	16.79027979	92403.72838	40982.07838	0.65
4631.455879	65033.0398	231.3656831	247.1870383	0.3797844878	-1311.886374	-3	1.327724994	268.2879273	220	16.85911406	92341.98798	40921.38899	0.65
4609.591106	65031.71207	230.8595452	246.5710824	0.3788087082	-1308.617335	-3	1.326224656	269.614152	221	16.92777713	92280.85652	40861.30734	0.65
4587.780817	65030.38585	230.3532772	245.9555103	0.3778337451	-1305.350332	-3	1.324734333	270.9388863	222	16.9962691	92220.33807	40801.83751	0.65
4566.024979	65029.06111	229.8468791	245.3403208	0.3768595957	-1302.085361	-3	1.323254072	272.2621404	223	17.06459007	92160.43676	40742.98365	0.65
4544.323556	65027.73786	229.3403511	244.7255128	0.3758862576	-1298.822414	-3	1.321783917	273.5839243	224	17.13274016	92101.15674	40684.74991	0.65
4522.676516	65026.41608	228.8336935	244.1110852	0.3749137281	-1295.561485	-3	1.320323914	274.9042482	225	17.20071947	92042.50223	40627.14051	0.65
4501.083824	65025.09575	228.3269062	243.4970368	0.3739420048	-1292.30257	-3	1.31887411	276.2231223	226	17.2685281	91984.47747	40570.15971	0.65
4479.545448	65023.77688	227.8199896	242.8833665	0.3729710849	-1289.045661	-3	1.317434551	277.5405569	227	17.33616617	91927.08675	40513.8118	0.65
4458.061354	65022.45944	227.3129437	242.2700732	0.372000966	-1285.790752	-3	1.316005286	278.8565622	228	17.40363377	91870.33441	40458.10113	0.65
4436.631508	65021.14344	226.8057687	241.6571558	0.3710316456	-1282.537839	-3	1.314586361	280.1711485	229	17.47093101	91814.22481	40403.03208	0.65
4415.255877	65019.82885	226.2984648	241.044613	0.3700631209	-1279.286914	-3	1.313177826	281.4843264	230	17.538058	91758.76238	40348.60907	0.65
4393.934429	65018.51567	225.7910321	240.4324439	0.3690953896	-1276.037972	-3	1.311779729	282.7961061	231	17.60501484	91703.95158	40294.83658	0.65
4372.667129	65017.20389	225.2834707	239.8206472	0.3681284491	-1272.791006	-3	1.310392121	284.1064982	232	17.67180163	91649.79693	40241.71914	0.65
4351.453946	65015.8935	224.7757809	239.2092218	0.3671622968	-1269.546012	-3	1.309015051	285.4155133	233	17.73841847	91596.30299	40189.2613	0.65
4330.294846	65014.58449	224.2679627	238.5981667	0.3661969302	-1266.302982	-3	1.307648571	286.7231618	234	17.80486548	91543.47436	40137.46769	0.65
4309.189796	65013.27684	223.7600165	237.9874806	0.3652323469	-1263.061912	-3	1.306292731	288.0294546	235	17.87114275	91491.31569	40086.34295	0.65
4288.138764	65011.97055	223.2519422	237.3771626	0.3642685441	-1259.822794	-3	1.304947583	289.3344021	236	17.93725038	91439.83168	40035.89181	0.65
4267.141717	65010.6656	222.7437401	236.7672114	0.3633055196	-1256.585623	-3	1.30361318	290.6380153	237	18.00318848	91389.02709	39986.11902	0.65
4246.198624	65009.36198	222.2354103	236.157626	0.3623432707	-1253.350394	-3	1.302289575	291.9403049	238	18.06895715	91338.90671	39937.02939	0.65
4225.30945	65008.0597	221.7269531	235.5484053	0.3613817949	-1250.117099	-3	1.300976823	293.2412817	239	18.13455649	91289.4754	39888.62777	0.65
4204.474165	65006.75872	221.2183685	234.9395481	0.3604210899	-1246.885735	-3	1.299674976	294.5409567	240	18.19998661	91240.73805	39840.91909	0.65
4183.692737	65005.45904	220.7096567	234.3310533	0.3594611529	-1243.656293	-3	1.298384091	295.8393408	241	18.26524759	91192.69963	39793.9083	0.65
4162.965132	65004.16066	220.2008179	233.7229198	0.3585019817	-1240.42877	-3	1.297104222	297.136445	242	18.33033955	91145.36514	39747.60043	0.65
4142.291319	65002.86355	219.6918523	233.1151466	0.3575435736	-1237.203158	-3	1.295835427	298.4322804	243	18.39526258	91098.73964	39702.00053	0.65
4121.671266	65001.56772	219.1827601	232.5077324	0.3565859263	-1233.979452	-3	1.294577762	299.7268582	244	18.46001679	91052.82825	39657.11373	0.65
4101.104942	65000.27314	218.6735413	231.9006763	0.3556290372	-1230.757646	-3	1.293331284	301.0201895	245	18.52460227	91007.63614	39612.94523	0.65
4080.592315	64998.97981	218.1641962	231.2939772	0.3546729039	-1227.537735	-3	1.292096053	302.3122855	246	18.58901913	90963.16854	39569.50024	0.65
4060.133352	64997.68771	217.654725	230.6876338	0.3537175239	-1224.319712	-3	1.290872126	303.6031577	247	18.65326745	90919.43073	39526.78406	0.65
4039.728024	64996.39684	217.1451278	230.0816452	0.3527628948	-1221.103571	-3	1.289659565	304.8928172	248	18.71734735	90876.42805	39484.80206	0.65
4019.376298	64995.10718	216.6354047	229.4760102	0.3518090141	-1217.889308	-3	1.288458428	306.1812757	249	18.78125892	90834.1659	39443.55963	0.65
3999.078142	64993.81872	216.1255561	228.8707278	0.3508558794	-1214.676915	-3	1.287268778	307.4685444	250	18.84500226	90792.64975	39403.06224	0.65
3978.833527	64992.53146	215.6155819	228.2657968	0.3499034882	-1211.466388	-3	1.286090676	308.7546351	251	18.90857746	90751.88512	39363.31543	0.65
3958.642421	64991.24536	215.1054825	227.6612162	0.3489518381	-1208.25772	-3	1.284924185	310.0395593	252	18.97198463	90711.87759	39324.32479	0.65
3938.504792	64989.96044	214.595258	227.0569848	0.3480009266	-1205.050906	-3	1.283769368	311.3233287	253	19.03522385	90672.6328	39286.09597	0.65
3918.42061	64988.67667	214.0849086	226.4531017	0.3470507514	-1201.84594	-3	1.282626289	312.605955	254	19.09829524	90634.15647	39248.6347	0.65
3898.389845	64987.39405	213.5744344	225.8495657	0.3461013101	-1198.642817	-3	1.281495014	313.88745	255	19.16119888	90596.45436	39211.94674	0.65
3878.412464	64986.11255	213.0638356	225.2463757	0.3451526001	-1195.441529	-3	1.280375608	315.1678256	256	19.22393487	90559.53232	39176.03796	0.65
3858.488439	64984.83217	212.5531124	224.6435306	0.3442046191	-1192.242073	-3	1.279268137	316.4470937	257	19.2865033	90523.39624	39140.91426	0.65
3838.617738	64983.55291	212.0422651	224.0410295	0.3432573647	-1189.044441	-3	1.278172669	317.7252664	258	19.34890429	90488.05211	39106.58162	0.65
3818.80033	64982.27473	211.5312937	223.4388711	0.3423108345	-1185.848629	-3	1.277089272	319.0023557	259	19.4111379	90453.50596	39073.0461	0.65
3799.036186	64980.99764	211.0201984	222.8370545	0.3413650261	-1182.65463	-3	1.276018015	320.2783737	260	19.47320426	90419.76389	39040.31381	0.65
3779.325276	64979.72163	210.5089795	222.2355785	0.340419937	-1179.46244	-3	1.274958968	321.5533326	261	19.53510344	90386.8321	39008.39094	0.65
3759.667569	64978.44667	209.9976371	221.6344421	0.339475565	-1176.272051	-3	1.273912202	322.8272448	262	19.59683554	90354.71683	38977.28376	0.65
3740.063034	64977.17276	209.4861715	221.0336442	0.3385319076	-1173.08346	-3	1.272877788	324.1001226	263	19.65840067	90323.4244	38946.9986	0.65
3720.511643	64975.89988	208.9745827	220.4331837	0.3375889625	-1169.896659	-3	1.271855798	325.3719784	264	19.7197989	90292.96122	38917.54186	0.65
3701.013366	64974.62802	208.462871	219.8330597	0.3366467273	-1166.711643	-3	1.270846307	326.6428247	265	19.78103034	90263.33376	38888.92003	0.65
3681.568172	64973.35718	207.9510366	219.2332709	0.3357051995	-1163.528407	-3	1.269849388	327.9126741	266	19.84209508	90234.54856	38861.13967	0.65
3662.176032	64972.08733	207.4390796	218.6338165	0.334764377	-1160.346945	-3	1.268865117	329.1815392	267	19.90299321	90206.61225	38834.20741	0.65
3642.836916	64970.81846	206.9270003	218.0346952	0.3338242572	-1157.167251	-3	1.26789357	330.4494328	268	19.96372483	90179.53154	38808.12997	0.65
3623.550795	64969.55057	206.4147988	217.435906	0.3328848378	-1153.98932	-3	1.266934824	331.7163676	269	20.02429002	90153.31321	38782.91415	0.65
3604.31764	64968.28363	205.9024753	216.8374479	0.3319461166	-1150.813147	-3	1.265988958	332.9823566	270	20.08468888	90127.96413	38758.56681	0.65
3585.137421	64967.01764	205.3900301	216.2393198	0.3310080911	-1147.638724	-3	1.26505605	334.2474126	271	20.14492151	90103.49124	38735.09492	0.65
3566.010108	64965.75259	204.8774633	215.6415208	0.330070759	-1144.466048	-3	1.264136181	335.5115488	272	20.20498798	90079.90158	38712.50552	0.65
3546.935674	64964.48845	204.3647751	215.0440496	0.3291341179	-1141.295112	-3	1.263229432	336.7747783	273	20.26488841	90057.20226	38690.80573	0.65
3527.914089	64963.22522	203.8519657	214.4469053	0.3281981656	-1138.12591	-3	1.262335885	338.0371141	274	20.32462287	90035.40048	38670.00277	0.65
3508.945324	64961.96289	203.3390353	213.8500868	0.3272628998	-1134.958438	-3	1.583592407	339.6207065	275	20.38419145	113001.426	61637.02643	0.65
3490.02935	64960.37929	202.8259841	213.253593	0.326328318	-1131.79269	-3	1.581406553	341.2021131	276	20.44359425	112897.9803	61534.83284	0.65
3471.166139	64958.79789	202.3128123	212.657423	0.325394418	-1128.628659	-3	1.579240122	342.7813532	277	20.50283136	112795.797	61433.89987	0.65
3452.355661	64957.21865	201.7995201	212.0615757	0.3244611975	-1125.466341	-3	1.577093215	344.3584464	278	20.56190287	112694.8852	61334.23675	0.65
3433.597889	64955.64155	201.2861077	211.46605	0.3235286542	-1122.30573	-3	1.574965936	345.9334124	279	20.62080886	112595.2542	61235.85282	0.65
3414.892793	64954.06659	200.7725753	210.8708449	0.3225967857	-1119.146821	-3	1.572858388	347.5062708	280	20.67954943	112496.9136	61138.75752	0.65
3396.240346	64952.49373	200.2589231	210.2759593	0.3216655898	-1115.989608	-3	1.570770678	349.0770414	281	20.73812467	112399.8729	61042.96043	0.65
3377.640519	64950.92296	199.7451513	209.6813923	0.3207350641	-1112.834085	-3	1.568702913	350.6457443	282	20.79653465	112304.1417	60948.47121	0.65
3359.093284	64949.35426	199.23126	209.0871428	0.3198052065	-1109.680247	-3	1.566655202	352.2123996	283	20.85477949	112209.7298	60855.29966	0.65
3340.598614	64947.7876	198.7172496	208.4932097	0.3188760145	-1106.528088	-3	1.564627655	353.7770272	284	20.91285925	112116.6471	60763.45569	0.65
3322.156479	64946.22297	198.2031202	207.899592	0.3179474859	-1103.377603	-3	1.562620383	355.3396476	285	20.97077403	112024.9036	60672.94934	0.65
3303.766852	64944.66035	197.688872	207.3062887	0.3170196185	-1100.228787	-3	1.5606335	356.9002811	286	21.02852391	111934.5095	60583.79076	0.65
3285.429706	64943.09972	197.1745052	206.7132987	0.3160924099	-1097.081634	-3	1.55866712	358.4589482	287	21.08610899	111845.475	60495.99023	0.65
3267.145012	64941.54105	196.66002	206.1206211	0.315165858	-1093.936139	-3	1.55672136	360.0156696	288	21.14352935	111757.8105	60409.55816	0.65
3248.912743	64939.98433	196.1454167	205.5282547	0.3142399604	-1090.792295	-3	1.554796337	361.5704659	289	21.20078508	111671.5266	60324.50509	0.65
3230.732871	64938.42953	195.6306954	204.9361987	0.3133147148	-1087.650099	-3	1.55289217	363.1233581	290	21.25787626	111586.6338	60240.84167	0.65
3212.60537	64936.87664	195.1158564	204.3444518	0.3123901191	-1084.509543	-3	1.55100898	364.6743671	291	21.31480299	111503.143	60158.57872	0.65
3194.530211	64935.32563	194.6008998	203.7530133	0.311466171	-1081.370624	-3	1.54914689	366.2235139	292	21.37156533	111421.0651	60077.72715	0.65
3176.507367	64933.77649	194.0858259	203.1618819	0.3105428682	-1078.233335	-3	1.547306023	367.77082	293	21.42816339	111340.4111	59998.29806	0.65
3158.536811	64932.22918	193.5706349	202.5710567	0.3096202085	-1075.097671	-3	1.545486507	369.3163065	294	21.48459725	111261.1923	59920.30264	0.65
3140.618517	64930.68369	193.0553269	201.9805366	0.3086981896	-1071.963626	-3	1.543688467	370.8599949	295	21.54086699	111183.4199	59843.75225	0.65
3122.752456	64929.14001	192.5399023	201.3903208	0.3077768094	-1068.831196	-3	1.541912034	372.401907	296	21.59697269	111107.1055	59768.6584	0.65
3104.938603	64927.59809	192.0243612	200.800408	0.3068560655	-1065.700374	-3	1.540157339	373.9420643	297	21.65291445	111032.2606	59695.03272	0.65
3087.17693	64926.05794	191.5087039	200.2107974	0.3059359559	-1062.571156	-3	1.538424514	375.4804888	298	21.70869234	110958.8971	59622.88701	0.65
3069.467411	64924.51951	190.9929305	199.6214879	0.3050164781	-1059.443536	-3	1.536713695	377.0172025	299	21.76430645	110887.0269	59552.23323	0.65
3051.810019	64922.9828	190.4770412	199.0324786	0.3040976301	-1056.317509	-3	1.535025017	378.5522275	300	21.81975686	110816.6621	59483.08346	0.65
3034.204727	64921.44777	189.9610364	198.4437683	0.3031794097	-1053.19307	-3	1.53335862	380.0855862	301	21.87504366	110747.8149	59415.44998	0.65
3016.651509	64919.91441	189.4449161	197.8553561	0.3022618145	-1050.070212	-3	1.531714644	381.6173008	302	21.93016693	110680.4977	59349.34519	0.65
2999.150339	64918.3827	188.9286807	197.2672409	0.3013448424	-1046.948931	-3	1.530093231	383.147394	303	21.98512675	110614.7231	59284.78169	0.65
2981.70119	64916.85261	188.4123304	196.6794219	0.3004284913	-1043.829221	-3	1.528494526	384.6758886	304	22.03992321	110550.5038	59221.77221	0.65
2964.304036	64915.32411	187.8958653	196.091898	0.2995127589	-1040.711078	-3	1.526918674	386.2028072	305	22.09455638	110487.8527	59160.32968	0.65
2946.958852	64913.79719	187.3792857	195.5046681	0.298597643	-1037.594495	-3	1.525365825	387.7281731	306	22.14902635	110426.7829	59100.46718	0.65
2929.66561	64912.27183	186.8625917	194.9177313	0.2976831414	-1034.479468	-3	1.523836129	389.2520092	307	22.20333321	110367.3076	59042.19797	0.65
2912.424286	64910.74799	186.3457838	194.3310866	0.296769252	-1031.36599	-3	1.52232974	390.7743389	308	22.25747702	110309.4403	58985.5355	0.65
2895.234852	64909.22566	185.828862	193.7447329	0.2958559726	-1028.254058	-3	1.520846811	392.2951857	309	22.31145788	110253.1945	58930.49337	0.65
2878.097285	64907.70481	185.3118265	193.1586694	0.294943301	-1025.143665	-3	1.519387499	393.8145732	310	22.36527586	110198.584	58877.0854	0.65
2861.011557	64906.18543	184.7946777	192.5728949	0.294031235	-1022.034807	-3	1.517951965	395.3325252	311	22.41893104	110145.6228	58825.32557	0.65
2843.977644	64904.66747	184.2774157	191.9874086	0.2931197724	-1018.927477	-3	1.51654037	396.8490656	312	22.47242351	110094.3251	58775.22805	0.65
2826.995519	64903.15093	183.7600408	191.4022094	0.2922089112	-1015.821672	-3	1.515152879	398.3642185	313	22.52575335	110044.7052	58726.80723	0.65
2810.065158	64901.63578	183.2425531	190.8172963	0.2912986491	-1012.717385	-3	1.513789656	399.8780081	314	22.57892063	109996.7776	58680.07767	0.65
2793.186535	64900.12199	182.724953	190.2326683	0.290388984	-1009.614611	-3	1.512450871	401.390459	315	22.63192544	109950.5571	58635.05414	0.65
2776.359624	64898.60954	182.2072406	189.6483245	0.2894799138	-1006.513345	-3	1.511136696	402.9015957	316	22.68476784	109906.0587	58591.75162	0.65
2759.584402	64897.0984	181.6894162	189.0642638	0.2885714362	-1003.413582	-3	1.509847304	404.411443	317	22.73744793	109863.2976	58550.18527	0.65
2742.860842	64895.58856	181.1714801	188.4804854	0.2876635492	-1000.315317	-3	1.508582872	405.9200259	318	22.78996578	109822.289	58510.3705	0.65
2726.18892	64894.07997	180.6534323	187.8969881	0.2867562506	-997.2185441	-3	1.507343578	407.4273694	319	22.84232147	109783.0486	58472.32291	0.65
2709.568611	64892.57263	180.1352732	187.3137711	0.2858495383	-994.1232585	-3	1.506129604	408.933499	320	22.89451508	109745.5922	58436.05833	0.65
2692.99989	64891.0665	179.6170031	186.7308333	0.2849434101	-991.0294548	-3	1.279142945	410.212642	321	22.94654669	93249.28876	58401.5928	0.9570338009
2676.482733	64889.78736	179.6170031	186.6859893	0.2848585005	-990.7914564	-3	1.279062531	411.4917045	322	22.99841636	93246.75891	58400.62023	0.9570577048
2659.969542	64888.5083	179.6170031	186.6411715	0.2847736454	-990.5535964	-3	1.278982158	412.7706867	323	23.05027358	93244.23	58399.64772	0.9570815881
2643.460315	64887.22931	179.6170031	186.5963797	0.2846888447	-990.3158745	-3	1.278901827	414.0495885	324	23.10211835	93241.70201	58398.67527	0.9571054509
2626.955051	64885.95041	179.6170031	186.5516139	0.2846040985	-990.0782907	-3	1.278821538	415.32841	325	23.15395068	93239.17494	58397.70288	0.9571292931
2610.453746	64884.67159	179.6170031	186.5068741	0.2845194066	-989.8408449	-3	1.27874129	416.6071513	326	23.20577057	93236.6488	58396.73054	0.9571531149
2593.956398	64883.39285	179.6170031	186.4621603	0.284434769	-989.603537	-3	1.278661084	417.8858124	327	23.25757804	93234.12358	58395.75825	0.9571769162
2577.463006	64882.11419	179.6170031	186.4174724	0.2843501856	-989.3663667	-3	1.278580919	419.1643933	328	23.30937308	93231.59927	58394.78602	0.957200697
2560.973567	64880.83561	179.6170031	186.3728105	0.2842656564	-989.129334	-3	1.278500796	420.4428941	329	23.36115571	93229.07589	58393.81385	0.9572244574
2544.488078	64879.55711	179.6170031	186.3281744	0.2841811813	-988.8924388	-3	1.278420714	421.7213148	330	23.41292594	93226.55343	58392.84173	0.9572481973
2528.006537	64878.27869	179.6170031	186.2835642	0.2840967604	-988.6556809	-3	1.278340674	422.9996555	331	23.46468376	93224.03188	58391.86967	0.9572719169
2511.528942	64877.00034	179.6170031	186.2389799	0.2840123934	-988.4190602	-3	1.278260675	424.2779162	332	23.5164292	93221.51125	58390.89767	0.9572956162
2495.055291	64875.72208	179.6170031	186.1944214	0.2839280804	-988.1825766	-3	1.503971474	425.7818877	333	23.56816225	109686.1361	58389.92572	0.65
2478.585582	64874.21811	179.0972013	185.6120727	0.2830237522	-985.0918991	-3	1.502806574	427.2846942	334	23.61988292	109652.0885	58357.06727	0.65
2462.167383	64872.71531	178.5772885	185.0299999	0.2821200009	-982.0026866	-3	1.501667682	428.7863619	335	23.67144183	109619.8837	58326.05071	0.65
2445.800672	64871.21364	178.0572648	184.4482022	0.2812168242	-978.9149338	-3	1.500554994	430.2869169	336	23.72283905	109589.5385	58296.8929	0.65
2429.485423	64869.71308	177.5371305	183.8666786	0.28031422	-975.8286356	-3	1.499468705	431.7863856	337	23.77407466	109561.0701	58269.61096	0.65
2413.221613	64868.21361	177.0168859	183.2854281	0.2794121864	-972.7437868	-3	1.498409015	433.2847946	338	23.82514874	109534.4958	58244.22224	0.65
2397.009216	64866.71521	176.4965311	182.7044497	0.2785107211	-969.6603824	-3	1.497376128	434.7821708	339	23.87606136	109509.8331	58220.74433	0.65
2380.84821	64865.21783	175.9760665	182.1237425	0.2776098221	-966.5784172	-3	1.496370249	436.278541	340	23.9268126	109487.0999	58199.1951	0.65
2364.738569	64863.72146	175.4554922	181.5433055	0.2767094872	-963.4978861	-3	1.495391588	437.7739326	341	23.97740252	109466.3143	58179.59267	0.65
2348.680271	64862.22607	174.9348086	180.9631378	0.2758097145	-960.4187839	-3	1.494440357	439.268373	342	24.02783122	109447.4947	58161.95542	0.65
2332.673292	64860.73163	174.4140158	180.3832384	0.2749105017	-957.3411056	-3	1.493516771	440.7618897	343	24.07809876	109430.6596	58146.30201	0.65
2316.717606	64859.23811	173.893114	179.8036062	0.2740118469	-954.264846	-3	1.492621049	442.2545108	344	24.12820521	109415.8281	58132.65135	0.65
2300.813192	64857.74549	173.3721037	179.2242405	0.2731137479	-951.1900001	-3	1.491753414	443.7462642	345	24.17815066	109403.0192	58121.02267	0.65
2284.960026	64856.25374	172.8509849	178.6451401	0.2722162027	-948.1165628	-3	1.490914091	445.2371783	346	24.22793517	109392.2525	58111.43544	0.65
2269.158083	64854.76282	172.3297579	178.0663042	0.2713192091	-945.044529	-3	1.490103309	446.7272816	347	24.27755882	109383.5477	58103.90946	0.65
2253.407341	64853.27272	171.808423	177.4877318	0.2704227652	-941.9738935	-3	1.489321302	448.2166029	348	24.32702168	109376.9248	58098.4648	0.65
2237.707776	64851.7834	171.2869805	176.9094219	0.2695268689	-938.9046515	-3	1.488568305	449.7051712	349	24.37632383	109372.4043	58095.12183	0.65
2222.059365	64850.29483	170.7654305	176.3313736	0.2686315181	-935.8367977	-3	1.487844558	451.1930158	350	24.42546534	109370.0067	58093.90126	0.65
2206.462085	64848.80698	170.2437733	175.7535859	0.2677367107	-932.7703272	-3	1.487150305	452.6801661	351	24.47444627	109369.7531	58094.82407	0.65
2190.915913	64847.31983	169.7220092	175.1760579	0.2668424447	-929.7052349	-3	1.486485795	454.1666519	352	24.52326671	109371.6647	58097.91159	0.65
2175.420826	64845.83335	169.2001384	174.5987887	0.2659487181	-926.6415157	-3	1.485851278	455.6525031	353	24.57192673	109375.7633	58103.18545	0.65
2159.976801	64844.3475	168.6781612	174.0217772	0.2650555288	-923.5791647	-3	1.48524701	457.1377501	354	24.62042639	109382.0706	58110.66764	0.65
2144.583814	64842.86225	168.1560779	173.4450226	0.2641628747	-920.5181768	-3	1.484673251	458.6224234	355	24.66876578	109390.6091	58120.38046	0.65
2129.241845	64841.37758	167.6338886	172.8685239	0.2632707538	-917.458547	-3	1.484130264	460.1065537	356	24.71694495	109401.4013	58132.34656	0.65
2113.950869	64839.89345	167.1115936	172.2922801	0.2623791642	-914.4002703	-3	1.483618318	461.590172	357	24.76496398	109414.4702	58146.58896	0.65
2098.710865	64838.40983	166.5891932	171.7162903	0.2614881037	-911.3433417	-3	1.483137684	463.0733097	358	24.81282295	109429.8392	58163.13102	0.65
2083.521809	64836.92669	166.0666877	171.1405536	0.2605975703	-908.2877561	-3	1.48268864	464.5559983	359	24.86052192	109447.5319	58181.99646	0.65
2068.38368	64835.444	165.5440773	170.565069	0.259707562	-905.2335087	-3	1.482271466	466.0382698	360	24.90806096	109467.5725	58203.20938	0.65
2053.296454	64833.96173	165.0213622	169.9898356	0.2588180768	-902.1805944	-3	1.481886448	467.5201562	361	24.95544015	109489.9854	58226.79426	0.65
2038.260111	64832.47984	164.4985428	169.4148525	0.2579291126	-899.1290082	-3	1.481533876	469.0016901	362	25.00265955	109514.7954	58252.77596	0.65
2023.274628	64830.99831	163.9756192	168.8401187	0.2570406675	-896.0787452	-3	1.481214046	470.4829041	363	25.04971923	109542.0277	58281.17974	0.65
2008.339982	64829.5171	163.4525917	168.2656332	0.2561527394	-893.0298004	-3	1.480927258	471.9638314	364	25.09661926	109571.7081	58312.03126	0.65
1993.456152	64828.03617	162.9294607	167.6913952	0.2552653263	-889.9821688	-3	1.480673815	473.4445052	365	25.14335972	109603.8624	58345.35658	0.65
1978.623116	64826.55549	162.4062262	167.1174037	0.2543784263	-886.9358456	-3	1.480454029	474.9249592	366	25.18994066	109638.5173	58381.18219	0.65
1963.840852	64825.07504	161.8828887	166.5436578	0.2534920373	-883.8908257	-3	1.480268213	476.4052274	367	25.23636216	109675.6995	58419.535	0.65
1949.109338	64823.59477	161.3594484	165.9701565	0.2526061573	-880.8471043	-3	1.480116689	477.8853441	368	25.28262429	109715.4365	58460.44235	0.65
1934.428553	64822.11466	160.8359055	165.396899	0.2517207843	-877.8046763	-3	1.479999781	479.3653439	369	25.32872711	109757.7559	58503.93204	0.65
1919.798475	64820.63466	160.3122603	164.8238843	0.2508359164	-874.763537	-3	1.479917821	480.8452617	370	25.37467069	109802.6859	58550.0323	0.65
1905.219083	64819.15474	159.7885131	164.2511114	0.2499515515	-871.7236813	-3	1.253807037	482.0990688	371	25.4204551	93069.60518	58598.77183	0.9664246844
1890.690355	64817.90093	159.7885131	164.2164086	0.2498860956	-871.5395045	-3	1.253736547	483.3528053	372	25.46608041	93066.9935	58597.42152	0.9664413553
1876.164696	64816.64719	159.7885131	164.1817237	0.2498206769	-871.3554223	-3	1.253666087	484.6064714	373	25.51169608	93064.38253	58596.07139	0.9664580133
1861.642106	64815.39353	159.7885131	164.1470565	0.2497552952	-871.1714347	-3	1.253595657	485.8600671	374	25.55730212	93061.77227	58594.72143	0.9664746585
1847.122582	64814.13993	159.7885131	164.1124072	0.2496899504	-870.9875416	-3	1.253525256	487.1135923	375	25.60289852	93059.16274	58593.37165	0.9664912907
1832.606123	64812.88641	159.7885131	164.0777756	0.2496246427	-870.8037428	-3	1.253454885	488.3670472	376	25.6484853	93056.55391	58592.02204	0.9665079102
1818.092727	64811.63295	159.7885131	164.0431618	0.2495593718	-870.6200383	-3	1.253384544	489.6204318	377	25.69406246	93053.9458	58590.67261	0.9665245167
1803.582393	64810.37957	159.7885131	164.0085658	0.2494941379	-870.4364281	-3	1.253314232	490.873746	378	25.73963001	93051.3384	58589.32335	0.9665411105
1789.075119	64809.12625	159.7885131	163.9739875	0.2494289408	-870.252912	-3	1.25324395	492.1269899	379	25.78518794	93048.73171	58587.97427	0.9665576914
1774.570904	64807.87301	159.7885131	163.9394269	0.2493637806	-870.0694901	-3	1.253173698	493.3801636	380	25.83073627	93046.12574	58586.62536	0.9665742596
1760.069746	64806.61984	159.7885131	163.9048841	0.2492986572	-869.8861621	-3	1.253103475	494.6332671	381	25.876275	93043.52047	58585.27663	0.9665908149
1745.571643	64805.36673	159.7885131	163.8703589	0.2492335706	-869.702928	-3	1.253033282	495.8863004	382	25.92180413	93040.91591	58583.92807	0.9666073575
1731.076595	64804.1137	159.7885131	163.8358514	0.2491685207	-869.5197878	-3	1.252963118	497.1392635	383	25.96732368	93038.31207	58582.57968	0.9666238873
1716.584598	64802.86074	159.7885131	163.8013616	0.2491035075	-869.3367414	-3	1.252892983	498.3921565	384	26.01283364	93035.70893	58581.23146	0.9666404043
1702.095652	64801.60784	159.7885131	163.7668895	0.249038531	-869.1537887	-3	1.252822878	499.6449794	385	26.05833402	93033.1065	58579.88342	0.9666569086
1687.609756	64800.35502	159.7885131	163.732435	0.2489735911	-868.9709296	-3	1.252752803	500.8977322	386	26.10382482	93030.50477	58578.53556	0.9666734002
1673.126907	64799.10227	159.7885131	163.6979981	0.2489086879	-868.7881641	-3	1.252682757	502.1504149	387	26.14930605	93027.90376	58577.18786	0.9666898791
1658.647104	64797.84959	159.7885131	163.6635788	0.2488438212	-868.605492	-3	1.25261274	503.4030277	388	26.19477772	93025.30345	58575.84034	0.9667063453
1644.170346	64796.59697	159.7885131	163.6291772	0.2487789911	-868.4229134	-3	1.252542752	504.6555704	389	26.24023982	93022.70384	58574.493	0.9667227988
1629.696631	64795.34443	159.7885131	163.5947931	0.2487141975	-868.2404281	-3	1.252472794	505.9080432	390	26.28569237	93020.10494	58573.14582	0.9667392396
1615.225957	64794.09196	159.7885131	163.5604266	0.2486494404	-868.058036	-3	1.252402865	507.1604461	391	26.33113537	93017.50674	58571.79882	0.9667556677
1600.758323	64792.83955	159.7885131	163.5260776	0.2485847198	-867.8757371	-3	1.252332966	508.412779	392	26.37656882	93014.90924	58570.45199	0.9667720833
1586.293728	64791.58722	159.7885131	163.4917462	0.2485200356	-867.6935313	-3	1.252263095	509.6650421	393	26.42199273	93012.31245	58569.10534	0.9667884861
1571.832169	64790.33496	159.7885131	163.4574323	0.2484553878	-867.5114185	-3	1.252193254	510.9172354	394	26.4674071	93009.71636	58567.75885	0.9668048764
1557.373645	64789.08276	159.7885131	163.423136	0.2483907764	-867.3293987	-3	1.252123442	512.1693588	395	26.51281195	93007.12097	58566.41254	0.9668212541
1542.918155	64787.83064	159.7885131	163.3888571	0.2483262013	-867.1474718	-3	1.25205366	513.4214125	396	26.55820726	93004.52627	58565.0664	0.9668376191
1528.465697	64786.57859	159.7885131	163.3545957	0.2482616625	-866.9656376	-3	1.251983906	514.6733964	397	26.60359306	93001.93228	58563.72043	0.9668539716
1514.01627	64785.3266	159.7885131	163.3203518	0.2481971599	-866.7838962	-3	1.251914182	515.9253106	398	26.64896933	92999.33899	58562.37464	0.9668703116
1499.569872	64784.07469	159.7885131	163.2861253	0.2481326936	-866.6022475	-3	1.477830901	517.4031415	399	26.6943361	109784.7752	58561.02901	0.65
1485.126501	64782.59686	159.2616845	162.7140863	0.2472510079	-863.5662866	-3	1.477820356	518.8809618	400	26.73969335	109835.0156	58612.43788	0.65
1470.733729	64781.11904	158.7347535	162.1422851	0.2463698159	-860.5315878	-3	1.477846151	520.358808	401	26.78489171	109887.9836	58666.57433	0.65
1456.391536	64779.64119	158.2077205	161.5707208	0.2454891156	-857.4981463	-3	1.477908645	521.8367166	402	26.82993124	109943.7097	58723.46899	0.65
1442.099901	64778.16328	157.6805857	160.9993925	0.2446089051	-854.4659572	-3	1.478008204	523.3147248	403	26.87481199	110002.2251	58783.15299	0.65
1427.858801	64776.68528	157.1533494	160.4282993	0.2437291825	-851.4350157	-3	1.478145199	524.79287	404	26.91953404	110063.5615	58845.65797	0.65
1413.668218	64775.20713	156.6260118	159.8574401	0.2428499457	-848.4053168	-3	1.478320009	526.2711901	405	26.96409746	110127.7509	58911.01611	0.65
1399.528129	64773.72881	156.0985732	159.2868143	0.2419711929	-845.3768558	-3	1.478533018	527.7497231	406	27.00850231	110194.826	58979.26016	0.65
1385.438515	64772.25028	155.5710339	158.7164207	0.241092922	-842.3496277	-3	1.478784618	529.2285077	407	27.05274864	110264.8202	59050.42337	0.65
1371.399354	64770.77149	155.0433942	158.1462586	0.2402151312	-839.3236279	-3	1.479075206	530.7075829	408	27.09683654	110337.7672	59124.53961	0.65
1357.410627	64769.29242	154.5156544	157.5763269	0.2393378185	-836.2988514	-3	1.479405188	532.1869881	409	27.14076605	110413.7014	59201.64329	0.65
1343.472313	64767.81301	153.9878147	157.0066249	0.238460982	-833.2752934	-3	1.479774977	533.6667631	410	27.18453726	110492.6578	59281.76942	0.65
1329.584391	64766.33324	153.4598753	156.4371516	0.2375846196	-830.2529492	-3	1.48018499	535.146948	411	27.22815021	110574.672	59364.95363	0.65
1315.746842	64764.85305	152.9318367	155.867906	0.2367087296	-827.2318138	-3	1.480635655	536.6275837	412	27.27160497	110659.7801	59451.23213	0.65
1301.959645	64763.37242	152.403699	155.2988873	0.2358333099	-824.2118825	-3	1.481127407	538.1087111	413	27.31490161	110748.019	59540.6418	0.65
1288.222781	64761.89129	151.8754625	154.7300946	0.2349583587	-821.1931506	-3	1.481660687	539.5903718	414	27.35804019	110839.4263	59633.22012	0.65
1274.536228	64760.40963	151.3471276	154.1615269	0.2340838739	-818.1756131	-3	1.73457701	541.3249488	415	27.40102077	129819.8413	78614.80667	0.65
1260.899968	64758.67505	150.8186944	153.5931835	0.2332098538	-815.1592654	-3	1.732991231	543.05794	416	27.44384342	129761.4961	78557.83297	0.65
1247.31398	64756.94206	150.2901633	153.0250633	0.2323362963	-812.1441027	-3	1.731454886	544.7893949	417	27.48650819	129706.776	78504.48317	0.65
1233.778245	64755.21061	149.7615346	152.4571654	0.2314631996	-809.1301201	-3	1.729968423	546.5193634	418	27.52901515	129655.7199	78454.79605	0.65
1220.292743	64753.48064	149.2328085	151.8894891	0.2305905617	-806.117313	-3	1.728532296	548.2478956	419	27.57136437	129608.367	78408.81104	0.65
1206.857455	64751.7521	148.7039853	151.3220333	0.2297183808	-803.1056765	-3	1.72714697	549.9750426	420	27.61355589	129564.7575	78366.56828	0.65
1193.47236	64750.02496	148.1750654	150.7547972	0.2288466548	-800.0952059	-3	1.725812917	551.7008555	421	27.65558979	129524.9322	78328.1086	0.65
1180.13744	64748.29914	147.6460489	150.1877799	0.2279753821	-797.0858965	-3	1.724530618	553.4253862	422	27.69746612	129488.9326	78293.47357	0.65
1166.852675	64746.57461	147.1169362	149.6209805	0.2271045605	-794.0777435	-3	1.723300564	555.1486867	423	27.73918495	129456.801	78262.7055	0.65
1153.618046	64744.85131	146.5877276	149.0543981	0.2262341883	-791.0707422	-3	1.722123253	556.87081	424	27.78074633	129428.5804	78235.84745	0.65
1140.433534	64743.12919	146.0584233	148.4880318	0.2253642635	-788.0648878	-3	1.720999193	558.5918092	425	27.82215033	129404.3145	78212.94324	0.65
1127.299119	64741.40819	145.5290236	147.9218807	0.2244947842	-785.0601757	-3	1.719928902	560.3117381	426	27.86339701	129384.048	78194.0375	0.65
1114.214782	64739.68826	144.9995289	147.3559439	0.2236257486	-782.056601	-3	1.718912908	562.030651	427	27.90448642	129367.8262	78179.17565	0.65
1101.180506	64737.96935	144.4699393	146.7902206	0.2227571548	-779.0541592	-3	1.717951748	563.7486027	428	27.94541863	129355.6954	78168.40396	0.65
1088.19627	64736.2514	143.9402553	146.2247098	0.2218890008	-776.0528454	-3	1.717045969	565.4656487	429	27.98619369	129347.7026	78161.76951	0.65
1075.262056	64734.53435	143.4104771	145.6594108	0.2210212849	-773.052655	-3	1.716196129	567.1818448	430	28.02681166	129343.8957	78159.32027	0.65
1062.377845	64732.81816	142.8806049	145.0943224	0.2201540051	-770.0535833	-3	1.715402796	568.8972476	431	28.06727261	129344.3236	78161.10509	0.65
1049.543618	64731.10275	142.3506391	144.529444	0.2192871596	-767.0556256	-3	1.71466655	570.6119142	432	28.10757659	129349.0358	78167.17371	0.65
1036.759358	64729.38809	141.82058	143.9647747	0.2184207464	-764.0587773	-3	1.71398798	572.3259021	433	28.14772366	129358.0832	78177.5768	0.65
1024.025045	64727.6741	141.2904278	143.4003134	0.2175547638	-761.0630335	-3	1.713367688	574.0392698	434	28.18771387	129371.5171	78192.36598	0.65
1011.340661	64725.96073	140.7601829	142.8360594	0.2166892098	-758.0683897	-3	1.712806288	575.7520761	435	28.22754729	129389.3902	78211.59383	0.65
998.706188	64724.24792	140.2298455	142.2720118	0.2158240826	-755.0748413	-3	1.712304403	577.4643805	436	28.26722398	129411.756	78235.31392	0.65
986.1216073	64722.53562	139.699416	141.7081697	0.2149593803	-752.0823834	-3	1.486340936	578.9507215	437	28.30674398	112386.3471	78263.58083	0.9748273948
973.5869009	64721.04928	139.699416	141.6823755	0.2149109288	-751.945487	-3	1.486268458	580.4369899	438	28.34610736	112383.263	78261.66201	0.9748383001
961.0544761	64719.56301	139.699416	141.6565928	0.2148625011	-751.8086515	-3	1.486196002	581.9231859	439	28.38546357	112380.1793	78259.74337	0.974849198
948.5243319	64718.07681	139.699416	141.6308216	0.2148140969	-751.6718768	-3	1.486123569	583.4093095	440	28.42481263	112377.0961	78257.8249	0.9748600885
935.9964673	64716.59069	139.699416	141.6050618	0.2147657165	-751.5351628	-3	1.486051158	584.8953606	441	28.46415452	112374.0135	78255.90661	0.9748709716
923.4708813	64715.10464	139.699416	141.5793134	0.2147173597	-751.3985095	-3	1.485978769	586.3813394	442	28.50348926	112370.9313	78253.98849	0.9748818474
910.9475728	64713.61866	139.699416	141.5535765	0.2146690265	-751.2619168	-3	1.485906403	587.8672458	443	28.54281685	112367.8496	78252.07054	0.9748927157
898.4265408	64712.13275	139.699416	141.527851	0.2146207169	-751.1253848	-3	1.485834059	589.3530799	444	28.58213729	112364.7685	78250.15276	0.9749035767
885.9077844	64710.64692	139.699416	141.5021369	0.2145724309	-750.9889134	-3	1.485761738	590.8388416	445	28.62145058	112361.6878	78248.23516	0.9749144303
873.3913025	64709.16116	139.699416	141.4764342	0.2145241684	-750.8525025	-3	1.485689438	592.324531	446	28.66075673	112358.6076	78246.31774	0.9749252766
860.8770942	64707.67547	139.699416	141.4507429	0.2144759295	-750.7161521	-3	1.485617161	593.8101482	447	28.70005574	112355.5279	78244.40048	0.9749361155
848.3651583	64706.18985	139.699416	141.425063	0.2144277142	-750.5798621	-3	1.485544907	595.2956931	448	28.73934761	112352.4487	78242.4834	0.9749469471
835.8554939	64704.70431	139.699416	141.3993945	0.2143795223	-750.4436326	-3	1.485472674	596.7811658	449	28.77863235	112349.37	78240.56649	0.9749577713
823.3481	64703.21883	139.699416	141.3737373	0.214331354	-750.3074634	-3	1.485400464	598.2665663	450	28.81790996	112346.2918	78238.64976	0.9749685882
810.8429756	64701.73343	139.699416	141.3480916	0.2142832091	-750.1713545	-3	1.485328276	599.7518945	451	28.85718044	112343.2141	78236.7332	0.9749793977
798.3401197	64700.24811	139.699416	141.3224571	0.2142350877	-750.035306	-3	1.48525611	601.2371506	452	28.8964438	112340.1368	78234.81681	0.9749902
785.8395313	64698.76285	139.699416	141.2968341	0.2141869897	-749.8993176	-3	1.485183966	602.7223346	453	28.93570004	112337.0601	78232.90059	0.9750009949
773.3412093	64697.27767	139.699416	141.2712224	0.2141389151	-749.7633895	-3	1.485111844	604.2074465	454	28.97494916	112333.9839	78230.98455	0.9750117825
760.8451529	64695.79255	139.699416	141.245622	0.214090864	-749.6275215	-3	1.485039745	605.6924862	455	29.01419117	112330.9081	78229.06868	0.9750225629
